0, 7.529370, 12.215858, -20.692879, 1.929194
0, 7.011688, 10.270466, -20.415073, 1.556342
0, 8.827933, 13.109936, -20.414068, 2.034858
0, 6.056498, 11.399537, -19.860732, 1.644550
0, 6.487754, 9.801319, -19.453918, 1.836751
0, 7.424508, 13.234742, -21.786993, 1.937110
0, 9.950787, 12.081518, -19.901377, 2.117791
0, 4.721326, 12.334022, -18.972928, 1.436104
0, 9.876823, 12.189044, -21.176769, 1.762582
0, 9.182593, 11.239604, -21.838630, 1.201896
0, 10.923717, 11.209618, -20.732429, 2.224887
0, 6.535294, 13.146406, -20.453144, 2.034590
0, 8.732658, 11.933214, -20.859059, 1.644778
0, 8.557908, 10.024804, -19.353367, 2.138993
0, 8.126846, 14.159078, -20.827036, 2.408417
0, 6.924457, 14.549167, -21.886616, 1.649256
0, 8.201953, 11.732508, -19.827914, 2.109083
0, 8.674817, 12.377749, -22.115431, 0.977815
0, 7.828853, 13.523144, -19.648343, 2.232050
0, 7.344389, 13.187446, -18.595953, 2.004533
0, 11.117890, 12.631193, -21.516976, 2.559923
0, 8.090406, 11.455003, -21.814426, 0.937804
0, 8.237681, 13.567756, -17.138752, 1.671543
0, 7.872549, 10.781899, -20.947334, 1.689502
0, 5.013246, 11.195428, -18.795982, 1.678156
0, 5.931567, 13.868624, -19.330394, 2.244109
0, 11.745280, 12.654870, -19.649270, 1.767120
0, 7.353932, 10.955751, -18.996808, 2.032304
0, 7.301306, 15.474978, -20.600977, 2.259101
0, 4.910590, 12.273588, -17.745383, 1.678805
0, 10.113093, 13.953670, -21.856457, 1.849584
0, 9.460197, 11.172402, -20.176417, 1.846664
0, 6.501657, 9.316644, -18.053903, 1.544858
0, 9.628885, 10.289832, -21.182028, 1.884234
0, 6.974087, 12.140348, -18.266198, 1.636141
0, 7.543410, 8.838820, -18.028973, 1.386975
0, 7.904118, 9.595592, -21.230068, 0.892175
0, 9.063853, 13.300782, -21.494945, 2.048462
0, 6.034772, 14.269885, -20.820569, 2.116417
0, 7.333316, 12.661426, -17.416518, 1.752730
0, 9.032811, 9.181845, -21.043938, 1.948254
0, 10.505596, 11.018759, -21.730628, 1.475755
0, 4.847231, 13.502014, -17.378627, 1.622681
0, 8.309930, 11.540268, -18.798661, 1.577133
0, 7.485374, 8.980260, -20.384205, 1.353651
0, 10.665712, 9.818591, -20.839921, 1.307208
0, 8.010683, 14.434120, -18.436609, 2.218898
0, 10.145079, 10.443212, -19.538894, 1.795909
0, 9.724477, 9.341183, -19.731201, 1.985481
0, 7.114820, 14.491691, -19.609671, 2.489277
0, 4.454895, 10.079274, -18.040727, 1.046110
0, 7.359778, 15.646283, -17.950360, 2.210201
0, 10.149808, 12.650550, -22.126309, 0.836257
0, 3.892643, 13.026057, -18.504615, 1.502251
0, 5.137243, 13.486311, -20.149909, 1.791377
0, 9.199974, 12.567665, -18.621410, 2.200522
0, 7.890156, 11.067273, -17.940687, 1.628626
0, 7.411679, 14.046801, -17.552701, 1.574701
0, 6.052761, 12.468923, -17.112787, 1.798635
0, 7.171595, 13.941821, -16.361985, 1.986153
0, 8.779957, 14.791399, -21.603888, 2.432356
0, 6.759292, 16.395665, -21.244012, 2.182723
0, 10.406532, 11.345653, -18.902719, 1.896362
0, 7.234312, 11.916451, -16.522173, 1.699386
0, 9.599714, 14.089410, -20.504207, 1.760765
0, 9.816242, 10.605137, -17.587427, 2.136149
0, 5.672566, 14.570892, -17.227038, 2.053382
0, 4.415857, 15.259553, -20.169313, 1.763386
0, 5.561314, 12.366343, -19.718481, 1.568022
0, 4.776218, 13.980002, -18.520929, 1.999095
0, 10.359417, 11.709924, -17.083799, 2.128520
0, 5.213436, 11.676554, -15.923832, 1.472873
0, 5.508505, 11.443117, -17.456355, 2.089403
0, 12.207585, 13.761406, -22.054408, 1.462873
0, 5.521932, 9.755409, -16.904715, 1.909019
0, 6.697043, 11.260221, -17.545061, 1.720174
0, 9.063929, 13.952011, -19.178603, 2.030270
0, 8.609876, 8.249239, -20.343783, 2.076539
0, 8.260952, 15.155191, -19.724023, 2.248436
0, 6.106989, 16.120772, -19.253079, 1.888097
0, 4.386936, 12.136011, -14.977919, 1.758460
0, 12.138444, 13.508108, -18.765689, 0.915139
0, 12.027103, 14.571385, -20.139379, 1.779465
0, 8.485092, 16.619344, -21.415340, 2.335890
0, 3.475544, 12.499032, -14.177860, 1.924813
0, 7.584903, 10.489283, -16.910971, 1.666921
0, 7.455035, 15.411019, -22.314014, 1.948530
0, 10.226933, 15.089627, -21.746874, 1.646900
0, 3.722860, 12.651358, -17.353224, 1.765394
0, 9.558618, 15.175936, -20.539380, 1.777254
0, 4.782005, 9.033581, -17.779391, 1.138074
0, 6.991852, 12.238945, -19.715450, 1.961652
0, 4.372267, 10.968038, -17.184811, 1.743983
0, 6.067610, 15.286308, -18.317082, 2.017919
0, 5.630481, 7.658757, -17.513706, 1.383108
0, 5.562013, 9.814094, -18.581229, 1.508678
0, 6.811611, 8.400326, -17.408039, 1.655203
0, 6.125630, 8.456064, -18.578485, 1.343644
0, 4.784321, 15.870152, -19.155027, 1.686842
0, 6.170773, 14.519325, -16.156184, 1.418046
0, 2.706240, 13.740556, -17.366609, 1.211809
0, 4.508301, 7.174365, -16.290307, 1.297230
0, 5.079076, 16.315268, -20.918329, 2.106262
0, 4.153124, 9.799209, -16.904994, 1.442928
0, 8.448071, 9.514911, -18.334828, 1.570971
0, 5.831814, 8.173699, -16.576611, 1.622898
0, 3.840423, 14.814365, -17.293042, 1.643478
0, 6.401331, 7.877999, -14.859841, 1.325710
0, 8.319654, 7.906860, -19.383500, 1.542385
0, 8.094316, 13.083616, -15.068347, 1.686908
0, 7.809766, 9.059778, -19.168205, 1.950647
0, 3.307941, 10.454188, -17.057269, 0.939916
0, 10.909157, 14.249028, -20.887514, 1.850427
0, 8.557513, 11.812837, -17.376958, 2.067290
0, 6.252141, 11.529789, -15.855151, 2.137769
0, 7.396393, 14.430193, -14.778593, 2.196632
0, 6.385735, 10.535230, -18.466165, 1.661231
0, 6.490916, 10.132991, -16.186904, 1.895497
0, 3.816900, 11.727668, -18.314379, 0.962723
0, 3.539380, 14.714516, -19.277873, 1.553157
0, 4.438046, 12.147228, -16.435024, 1.447446
0, 6.553658, 9.075833, -16.267420, 1.898485
0, 8.496487, 12.717149, -16.577990, 1.646842
0, 7.278575, 8.066685, -18.802741, 1.839294
0, 7.421115, 7.438427, -17.841949, 0.933471
0, 7.104339, 17.035152, -19.785876, 2.018612
0, 3.618752, 14.011290, -16.262251, 1.684363
0, 4.434369, 17.206930, -19.741949, 2.047162
0, 12.279568, 12.920227, -20.821940, 1.599295
0, 4.703210, 15.442754, -17.191478, 1.691666
0, 11.054858, 12.110358, -18.362288, 1.705418
0, 2.791209, 13.585629, -13.788190, 1.908943
0, 8.650103, 17.173329, -22.672894, 1.704047
0, 2.530973, 11.892499, -14.128883, 1.501201
0, 5.346402, 15.245794, -20.809760, 1.556485
0, 6.466726, 10.110255, -17.211594, 1.534330
0, 6.793078, 11.467848, -21.063645, 1.062628
0, 11.543946, 13.098475, -17.898685, 1.252615
0, 8.615566, 11.372009, -14.166418, 1.656064
0, 3.748374, 18.934249, -19.402190, 1.320199
0, 10.430587, 13.224327, -20.704485, 1.903277
0, 5.207147, 9.830986, -15.245148, 1.851835
0, 5.141900, 8.416404, -15.255530, 1.933629
0, 3.633150, 9.324427, -15.707078, 1.932134
0, 9.872655, 14.637503, -18.893498, 1.602776
0, 5.715514, 15.425129, -21.862090, 1.213974
0, 3.413579, 12.431847, -15.985568, 1.561720
0, 4.800757, 8.765264, -16.599907, 1.888578
0, 4.859606, 10.209430, -16.169906, 1.553142
0, 9.842644, 16.855791, -19.690895, 1.611220
0, 5.217724, 12.783794, -16.097612, 1.574186
0, 3.718138, 15.953977, -19.477782, 1.771659
0, 11.230607, 15.244639, -21.320844, 1.576656
0, 9.641688, 9.741830, -18.451747, 1.567158
0, 4.804637, 12.939863, -13.950042, 1.987384
0, 9.242569, 13.574083, -17.519722, 2.036283
0, 10.209808, 17.068213, -22.155493, 2.285736
0, 3.691258, 16.014256, -20.536796, 1.098042
0, 5.213569, 9.336587, -14.344865, 1.800373
0, 3.740321, 10.399115, -15.561383, 1.478815
0, 2.556919, 13.419994, -15.629196, 1.087748
0, 7.872744, 8.472007, -16.130936, 1.431169
0, 8.162822, 16.901103, -18.338692, 1.719515
0, 8.014585, 11.572137, -15.943928, 1.990508
0, 6.429916, 16.737765, -22.285650, 1.419183
0, 3.280301, 11.358029, -16.344836, 1.381047
0, 10.112464, 13.862472, -18.027211, 1.635282
0, 11.658314, 15.110889, -22.371090, 0.897492
0, 5.858227, 7.417024, -15.697734, 1.280026
0, 9.634041, 18.290608, -22.051447, 2.536005
0, 7.000981, 17.983952, -20.920018, 2.001689
0, 7.321296, 10.057633, -18.055895, 1.509542
0, 2.633291, 13.126404, -11.899403, 1.702027
0, 6.724745, 8.997151, -15.011717, 2.040769
0, 7.360476, 15.575293, -16.091443, 1.967951
0, 4.392224, 11.021483, -14.674511, 1.391183
0, 6.189251, 15.739551, -20.278229, 1.704877
0, 4.791647, 14.600758, -13.189593, 1.561390
0, 10.136859, 8.824569, -21.367376, 0.898062
0, 2.616520, 12.175768, -16.623756, 0.962053
0, 2.525007, 11.266526, -15.233119, 1.209187
0, 7.067116, 12.387037, -14.623411, 1.839946
0, 2.108227, 10.177629, -13.918146, 1.447893
0, 5.550014, 15.100075, -19.580153, 1.888182
0, 9.323678, 10.895190, -18.770450, 1.977880
0, 7.303049, 16.313272, -19.001426, 2.055741
0, 7.124172, 12.697430, -15.739298, 1.993469
0, 6.247752, 18.072827, -19.797543, 1.821366
0, 7.800080, 9.312635, -14.259495, 1.271434
0, 10.890018, 13.992254, -18.939174, 1.767705
0, 8.616345, 10.644456, -16.964239, 1.901797
0, 8.163382, 16.445944, -20.213402, 2.134585
0, 7.863762, 10.756927, -15.032625, 1.703002
0, 9.057232, 15.107934, -18.353953, 1.923891
0, 5.239879, 10.908129, -15.246386, 1.215475
0, 7.845807, 9.347844, -17.119625, 1.739236
0, 9.015127, 17.516916, -19.734614, 1.623448
0, 4.287077, 11.652917, -13.147647, 1.983965
0, 3.806543, 8.170617, -15.271165, 1.640319
0, 6.548201, 10.552051, -13.924890, 1.433973
0, 9.589120, 11.750933, -15.854781, 2.363252
0, 3.203820, 11.048092, -13.967006, 1.598440
0, 2.272676, 12.290001, -15.050820, 0.993127
0, 8.519460, 18.290462, -21.539346, 2.085060
0, 9.797951, 13.178755, -19.340411, 2.027218
0, 8.107457, 14.742829, -16.858600, 1.895550
0, 8.226440, 10.317970, -12.875169, 1.134905
0, 3.489527, 13.233556, -13.073765, 1.558274
0, 3.765519, 12.592552, -12.047668, 1.931036
0, 6.151830, 10.509922, -14.969773, 1.740729
0, 5.927601, 12.587646, -14.947232, 1.766905
0, 5.696069, 16.371668, -16.524867, 1.882442
0, 6.105196, 11.880708, -18.900174, 1.795741
0, 9.097428, 8.522173, -18.234977, 1.357895
0, 5.098361, 16.868828, -18.705857, 1.771825
0, 11.121284, 15.720351, -20.324842, 1.846054
0, 11.057566, 12.411659, -16.190982, 1.223250
0, 5.752959, 16.145728, -17.753465, 1.665448
0, 4.814206, 19.084237, -18.832815, 1.808974
0, 5.868835, 16.912767, -20.335270, 1.989614
0, 7.110046, 18.650678, -19.052088, 1.621139
0, 5.898881, 18.364447, -20.760466, 1.965160
0, 5.549266, 18.942974, -21.813998, 2.086055
0, 6.898685, 14.922267, -16.800629, 1.533494
0, 6.321995, 7.254111, -18.242926, 0.667617
0, 6.011830, 20.632676, -22.086086, 2.675190
0, 7.486603, 17.601335, -21.812335, 2.300507
0, 7.704360, 9.927410, -15.665582, 1.893551
0, 11.236693, 15.057772, -17.979175, 1.821582
0, 9.408878, 17.358504, -20.773643, 1.884199
0, 3.542219, 13.445098, -15.188293, 1.609290
0, 3.450533, 11.694624, -15.196985, 1.376703
0, 5.201204, 12.221688, -11.740889, 1.718434
0, 11.205886, 11.457312, -19.661498, 1.298831
0, 8.902835, 14.549125, -15.993299, 2.068269
0, 5.802504, 13.548585, -15.365732, 1.444577
0, 10.159596, 12.589106, -17.827141, 1.911743
0, 6.401085, 18.996205, -17.670561, 1.806127
0, 5.531846, 13.967488, -14.342785, 1.626946
0, 6.315791, 13.772146, -13.287499, 1.267235
0, 5.584917, 9.814735, -13.492807, 1.496455
0, 4.309036, 15.545215, -13.206864, 1.580330
0, 6.067408, 7.083140, -16.655978, 0.847315
0, 4.478513, 16.364596, -17.719453, 1.862648
0, 5.908897, 15.517769, -15.511327, 1.684742
0, 4.651979, 7.395492, -15.192415, 1.380133
0, 8.048085, 17.998996, -19.748882, 2.074948
0, 5.711666, 13.117375, -17.874463, 1.945459
0, 5.562629, 13.471624, -12.469465, 1.723018
0, 6.922560, 7.838631, -16.223920, 1.549508
0, 7.208287, 13.409813, -13.969209, 1.738140
0, 8.796271, 9.723100, -15.976018, 1.712398
0, 6.447381, 14.049663, -18.206206, 2.007609
0, 8.936091, 13.141335, -15.757673, 1.750800
0, 4.655006, 19.244161, -20.218940, 1.827637
0, 4.970048, 10.579988, -13.878143, 1.178440
0, 7.560475, 17.026857, -17.303830, 1.778458
0, 5.321852, 8.131226, -13.059344, 1.277078
0, 8.034309, 8.077485, -17.077666, 1.253109
0, 5.413147, 12.571398, -13.210791, 1.723259
0, 3.858260, 17.587300, -18.908847, 2.395701
0, 10.144178, 13.597782, -16.499402, 2.152928
0, 6.701182, 11.702151, -13.659649, 1.578827
0, 7.192534, 12.221502, -12.799893, 1.655393
0, 8.959031, 9.682006, -17.342520, 1.853884
0, 4.795489, 17.356496, -21.726595, 1.468086
0, 4.515499, 16.659229, -12.418862, 1.618900
0, 11.259976, 13.769379, -19.974455, 1.687599
0, 9.289509, 10.757969, -15.049351, 1.525179
0, 6.106088, 13.433980, -11.170585, 1.594625
0, 8.321398, 12.008715, -13.351545, 2.143087
0, 6.983231, 15.725187, -13.783409, 1.555302
0, 4.176945, 18.918450, -17.588997, 1.745583
0, 8.683645, 15.662825, -16.625445, 2.191472
0, 2.376979, 12.218635, -13.044537, 1.748979
0, 5.991768, 7.954733, -13.818503, 1.114474
0, 9.333419, 15.796929, -21.839032, 2.075674
0, 7.714308, 10.264853, -13.825543, 1.425705
0, 6.259316, 13.462447, -16.421116, 1.712992
0, 3.091633, 10.123398, -14.537278, 1.645885
0, 5.147955, 15.883708, -14.307229, 1.573764
0, 4.747103, 9.630469, -12.223533, 1.525955
0, 8.712499, 10.160923, -20.521571, 1.773615
0, 10.044142, 15.059638, -17.389831, 2.210047
0, 8.760236, 15.986193, -17.853918, 2.044155
0, 6.472489, 17.832731, -16.038202, 1.619572
0, 8.633751, 15.693726, -20.850164, 1.654663
0, 9.797790, 16.439520, -18.322528, 1.793820
0, 2.960719, 14.287968, -18.385425, 0.917602
0, 6.689299, 18.582558, -22.353213, 2.052871
0, 8.670472, 9.684542, -14.881020, 1.000912
0, 5.060568, 14.846966, -14.986914, 1.441937
0, 4.090072, 8.749288, -14.128870, 1.703910
0, 4.724981, 15.022551, -18.371591, 1.686102
0, 9.784027, 12.376043, -13.929328, 1.752889
0, 9.266115, 14.013736, -14.678715, 1.737508
0, 11.330091, 14.662272, -16.626956, 1.509482
0, 4.398474, 17.880994, -17.683062, 1.890156
0, 11.447911, 14.915176, -19.297766, 1.700062
0, 2.926916, 13.907946, -12.576863, 1.477014
0, 9.806248, 10.305837, -15.970483, 1.155238
0, 2.870179, 15.136405, -16.671572, 1.076795
0, 6.642514, 8.574411, -12.987914, 0.801522
0, 2.470100, 15.174776, -13.465542, 1.068859
0, 3.029144, 11.502242, -11.989482, 1.471343
0, 2.939800, 9.003203, -14.894013, 1.767203
0, 3.360465, 15.082117, -14.099459, 1.974489
0, 3.900985, 13.925385, -12.278981, 1.623757
0, 10.887974, 13.682239, -17.329442, 1.608225
0, 2.780856, 14.598259, -11.405326, 1.619822
0, 4.164115, 17.678179, -20.827925, 2.189315
0, 11.968815, 16.028648, -18.872213, 1.815843
0, 10.190241, 16.163595, -20.913433, 1.896451
0, 6.372507, 13.652749, -21.630195, 0.891428
0, 10.540323, 16.230882, -17.570650, 1.985457
0, 3.131977, 8.151808, -13.540004, 1.893811
0, 5.591550, 17.851285, -18.777207, 2.129691
0, 4.280873, 11.123928, -16.055309, 1.223760
0, 3.664345, 18.683114, -20.680946, 1.309266
0, 10.424338, 12.632841, -15.405974, 1.718411
0, 12.084549, 14.336137, -18.085145, 1.059126
0, 3.784284, 15.487018, -18.471278, 1.533135
0, 12.539317, 16.072994, -20.773691, 1.508247
0, 11.361394, 14.232429, -15.596059, 1.667403
0, 3.573727, 17.105956, -16.974958, 1.423586
0, 5.526294, 11.251964, -13.387663, 1.485108
0, 8.262062, 12.437941, -12.056538, 1.527413
0, 7.233783, 17.630103, -18.556938, 1.887385
0, 9.765730, 13.364716, -13.352399, 1.445231
0, 6.242635, 9.965120, -12.576360, 1.427112
0, 10.332743, 15.678437, -19.302922, 1.951876
0, 4.080821, 15.409232, -15.066962, 1.545369
0, 9.414980, 19.441053, -21.128598, 2.248412
0, 2.278452, 14.918308, -12.405080, 0.930364
0, 8.020874, 18.633451, -22.595764, 1.829222
0, 5.084991, 14.181951, -16.124093, 1.624806
0, 4.247177, 13.148244, -19.498589, 1.010877
0, 11.684288, 16.790708, -17.144210, 1.791030
0, 5.970907, 15.235137, -14.335682, 1.366102
0, 2.913497, 7.719108, -15.080993, 1.130386
0, 6.986838, 11.145533, -14.648016, 1.701114
0, 11.323097, 16.517587, -21.305752, 1.681215
0, 8.519021, 11.153653, -11.967031, 1.113286
0, 9.742858, 16.365885, -16.560492, 1.907183
0, 4.678929, 18.264860, -19.802218, 1.785833
0, 6.879958, 16.012328, -16.977359, 1.658764
0, 6.973227, 16.148893, -15.231822, 1.711814
0, 2.006842, 11.124032, -11.595212, 1.335293
0, 4.100863, 13.930704, -13.449583, 1.760550
0, 8.542837, 12.118414, -15.137153, 1.696682
0, 5.715360, 17.268030, -17.673710, 1.676126
0, 4.673890, 13.578513, -15.126153, 1.587517
0, 8.361151, 13.587933, -14.208034, 1.569060
0, 4.584061, 16.398243, -16.474622, 1.694845
0, 4.567657, 18.579739, -22.088703, 1.287798
0, 3.264490, 11.703877, -17.375671, 1.073681
0, 7.671760, 9.486084, -12.875932, 0.792734
0, 4.293440, 15.065111, -16.051540, 1.742890
0, 5.984988, 19.256200, -18.951423, 1.714651
0, 5.899195, 16.794294, -15.254875, 1.750689
0, 6.645952, 9.486851, -13.764945, 1.601709
0, 5.265842, 17.425407, -13.401633, 1.523425
0, 3.876586, 7.336406, -14.195086, 1.176259
0, 5.762069, 17.981897, -16.857330, 1.638092
0, 7.214874, 17.243538, -13.666597, 1.709990
0, 2.922762, 15.386001, -17.854037, 0.879391
0, 4.328593, 14.824189, -11.851184, 1.689729
0, 9.819168, 19.605523, -22.427496, 2.127417
0, 3.872911, 13.884426, -17.818366, 1.459590
0, 5.040050, 19.617456, -16.853142, 2.006971
0, 2.899049, 15.762434, -15.596368, 1.656857
0, 5.662178, 7.267535, -14.476980, 0.591499
0, 9.166392, 15.975089, -19.303394, 1.961337
0, 11.519308, 17.476704, -20.779927, 1.696575
0, 12.101964, 15.684197, -17.833250, 1.126773
0, 9.892889, 17.645547, -17.881810, 1.637448
0, 3.912119, 11.694143, -11.357018, 1.884693
0, 10.827254, 17.254479, -15.946487, 1.521100
0, 9.998406, 11.295420, -14.470132, 1.027988
0, 8.323727, 17.742594, -16.433909, 1.567808
0, 6.666141, 16.866063, -18.013849, 1.649958
0, 8.406193, 14.717264, -15.021666, 1.779386
0, 3.187363, 16.586100, -17.834583, 1.386572
0, 9.573250, 12.727116, -16.796527, 1.636159
0, 10.696062, 16.088140, -15.723896, 1.666161
0, 9.256297, 11.164033, -13.394498, 1.217535
0, 3.904251, 16.353397, -13.845427, 2.020211
0, 9.299829, 12.242595, -12.113689, 1.261054
0, 9.588715, 14.851590, -15.294216, 1.665239
0, 4.372847, 17.739099, -13.896711, 1.734916
0, 2.965210, 15.671561, -11.539241, 1.872238
0, 8.529704, 16.112744, -15.404920, 1.782441
0, 4.369502, 13.329936, -16.460512, 1.404683
0, 7.366410, 19.578536, -21.513572, 2.617436
0, 10.987806, 16.953303, -19.665595, 1.800268
0, 6.575284, 12.404058, -11.433657, 1.619789
0, 11.091416, 18.766033, -21.217598, 2.621188
0, 9.111176, 17.565959, -17.094689, 1.564802
0, 12.546898, 15.011967, -21.477515, 1.391411
0, 9.133093, 12.917850, -14.723607, 1.571770
0, 3.231158, 16.850461, -13.171577, 1.741795
0, 6.020609, 17.377287, -21.455686, 1.897672
0, 5.308264, 15.634890, -10.786958, 1.572880
0, 5.286011, 11.452023, -14.400853, 1.604433
0, 9.152258, 18.421295, -18.032543, 1.466305
0, 4.357387, 15.957965, -9.560889, 1.616337
0, 9.628849, 18.618027, -19.485473, 1.900000
0, 4.106111, 10.071672, -14.138665, 1.666847
0, 11.351317, 17.210744, -18.561656, 1.939673
0, 8.022724, 19.651550, -19.458793, 1.598841
0, 7.735753, 20.332955, -22.580711, 2.330051
0, 8.557985, 19.597497, -22.205966, 1.998068
0, 7.107374, 9.779558, -11.900146, 0.817382
0, 3.169845, 16.189919, -16.659721, 1.414164
0, 9.755658, 15.292727, -14.287044, 1.735955
0, 2.577678, 13.988123, -14.712594, 1.310354
0, 12.245739, 17.047153, -21.648579, 1.495664
0, 4.251159, 8.943548, -13.110568, 1.807546
0, 11.413374, 15.730335, -17.059914, 1.466348
0, 3.396204, 15.749403, -12.596195, 1.600312
0, 7.198570, 18.798395, -20.150676, 1.700423
0, 2.174694, 14.651679, -10.424421, 1.057954
0, 3.981036, 14.364205, -14.993203, 1.640704
0, 6.140406, 15.904091, -9.602900, 1.709157
0, 5.824419, 12.318571, -9.916103, 1.259995
0, 3.291393, 10.501127, -12.897930, 1.739720
0, 3.214453, 17.782074, -11.858967, 1.776466
0, 5.347237, 22.050813, -22.064804, 1.340500
0, 9.469871, 13.458097, -11.957737, 1.585305
0, 4.889333, 13.393225, -11.597598, 1.634763
0, 1.902371, 10.943826, -12.606140, 1.365620
0, 10.528632, 13.643878, -15.031784, 1.969230
0, 2.588879, 14.419414, -15.902923, 0.978608
0, 12.442405, 17.045154, -19.556649, 1.419884
0, 6.249409, 19.686381, -19.885367, 1.987293
0, 5.787941, 14.596225, -13.540306, 1.309635
0, 7.033732, 8.424701, -13.943560, 0.830255
0, 4.810308, 8.048521, -14.355785, 1.410358
0, 8.232745, 14.061969, -12.265202, 1.371031
0, 11.182663, 18.097377, -17.606549, 1.801021
0, 10.767543, 15.948903, -22.212687, 1.262773
0, 4.534139, 17.864512, -16.308516, 2.386229
0, 3.497517, 17.994460, -13.350983, 1.807098
0, 11.610064, 17.356278, -22.570634, 1.129946
0, 3.771305, 8.429060, -16.490245, 0.926073
0, 5.770739, 9.133541, -12.272214, 1.367236
0, 6.135449, 16.283054, -14.374696, 1.410758
0, 10.189727, 17.524741, -16.773883, 1.571284
0, 5.008325, 19.929205, -19.435088, 1.583431
0, 4.300887, 15.935376, -11.309233, 1.531913
0, 9.087415, 12.591487, -11.057916, 1.103704
0, 8.243764, 15.013982, -13.811712, 1.818423
0, 6.387343, 12.910129, -12.793998, 1.292754
0, 3.279129, 10.176965, -11.829953, 1.724961
0, 4.488951, 13.696118, -10.439578, 1.205512
0, 5.113780, 15.738438, -12.410837, 1.465621
0, 2.682693, 10.283601, -15.676072, 1.359800
0, 7.285455, 18.085138, -16.883674, 1.520101
0, 7.411508, 19.571454, -18.406487, 2.005507
0, 7.151240, 10.949783, -12.979164, 1.791683
0, 5.608216, 11.216430, -12.194867, 1.589131
0, 11.835909, 15.445214, -16.024611, 1.292888
0, 11.328798, 20.224069, -22.862178, 1.306341
0, 2.562181, 15.562413, -10.215150, 1.478725
0, 11.164875, 16.631022, -13.838617, 1.690117
0, 8.804173, 16.221916, -12.833148, 1.506593
0, 7.873317, 8.667917, -15.094445, 1.072762
0, 8.438959, 18.166340, -15.184173, 1.769298
0, 12.836992, 17.873215, -22.075842, 0.782628
0, 6.453616, 17.040303, -16.734375, 1.434910
0, 2.938525, 17.456611, -16.117774, 1.138818
0, 9.159382, 17.263238, -18.631227, 1.617459
0, 10.392489, 14.210335, -13.275429, 1.334030
0, 9.614776, 16.009949, -11.392302, 1.805859
0, 3.856141, 14.298457, -9.808806, 1.212809
0, 7.919050, 17.174678, -12.896964, 1.530528
0, 11.043099, 14.681161, -14.154673, 1.416485
0, 6.970401, 12.287123, -9.667854, 1.340494
0, 3.630141, 16.909010, -10.619360, 1.484009
0, 5.788641, 14.864103, -11.451553, 1.426876
0, 7.025021, 14.499051, -13.562101, 1.555340
0, 4.676194, 16.248332, -8.087022, 1.383857
0, 3.758958, 8.872919, -12.026777, 2.156522
0, 6.539153, 14.338613, -12.398587, 1.546594
0, 4.603688, 21.199571, -21.937048, 1.355313
0, 10.470962, 17.748370, -19.027936, 1.758411
0, 5.359999, 18.767319, -17.717327, 1.681624
0, 5.822629, 16.294776, -13.254916, 1.872565
0, 3.317393, 17.991820, -17.509943, 1.337399
0, 7.151634, 20.235803, -20.192239, 1.882322
0, 6.655028, 20.956970, -18.601408, 2.019428
0, 8.194786, 12.438560, -18.194612, 1.677131
0, 8.617034, 16.603816, -14.363251, 1.939127
0, 4.516428, 20.571797, -18.467494, 1.913698
0, 7.013450, 15.322444, -12.056342, 1.403508
0, 11.100712, 18.496621, -22.539595, 1.916586
0, 7.543383, 21.829838, -19.237767, 1.738159
0, 9.095979, 14.712878, -12.348089, 1.480127
0, 7.016897, 15.218010, -10.437320, 1.588025
0, 11.821467, 15.070043, -14.928503, 0.826006
0, 10.456649, 17.565414, -20.605732, 1.795523
0, 10.765604, 16.309449, -11.490350, 1.655630
0, 6.177552, 12.676276, -13.981670, 1.460157
0, 6.456222, 9.969749, -11.167580, 0.840640
0, 11.660202, 16.929514, -15.460903, 1.575183
0, 2.016500, 9.563144, -12.208008, 1.497091
0, 10.755165, 18.991129, -19.239966, 2.005802
0, 9.635766, 15.955369, -15.322691, 1.624223
0, 3.267530, 18.757354, -15.797421, 1.748706
0, 2.445299, 9.304394, -13.126729, 2.246311
0, 6.995631, 16.459666, -9.126172, 1.590693
0, 10.199567, 16.226089, -14.112974, 1.589933
0, 5.991598, 12.319854, -20.908556, 0.847560
0, 8.316734, 17.980513, -13.335963, 1.712907
0, 6.326327, 20.212204, -17.195238, 1.822527
0, 6.469279, 22.374287, -20.939780, 1.847267
0, 3.168299, 13.750486, -10.949880, 1.674450
0, 11.902399, 13.822283, -17.110810, 0.770725
0, 10.005807, 17.415811, -15.229319, 1.781797
0, 2.134285, 8.579927, -12.025408, 1.613313
0, 2.110489, 8.551252, -14.523786, 0.811909
0, 3.340260, 14.762102, -13.009281, 1.347069
0, 8.452614, 15.489518, -8.486199, 1.263564
0, 8.644443, 18.580418, -17.111942, 1.506900
0, 1.726856, 9.798875, -11.041906, 1.373312
0, 3.512502, 19.562940, -16.575555, 1.382282
0, 5.903414, 21.400200, -19.232204, 2.000201
0, 7.980494, 21.151385, -21.123783, 1.962359
0, 7.829138, 13.640552, -13.177259, 1.565325
0, 10.818413, 15.631651, -14.756420, 1.657249
0, 6.744450, 14.714734, -11.275617, 1.204613
0, 3.306303, 10.782732, -10.118046, 1.390946
0, 11.913469, 19.767541, -20.976494, 1.738719
0, 8.085750, 18.712375, -18.420951, 1.530798
0, 3.295392, 19.047605, -18.405568, 0.927553
0, 10.129202, 14.796261, -11.812781, 1.776847
0, 10.265807, 16.992325, -13.195719, 1.537678
0, 9.711678, 15.047857, -13.217540, 1.509029
0, 6.082724, 21.879531, -22.988678, 1.449647
0, 4.190087, 14.940509, -8.609443, 1.612732
0, 9.152757, 16.989875, -13.594648, 1.737001
0, 7.537135, 11.234892, -11.604054, 1.558011
0, 4.895923, 11.868078, -9.826495, 1.487432
0, 12.258967, 18.170969, -18.492441, 1.044109
0, 2.743719, 15.841222, -9.284194, 1.564472
0, 11.791426, 18.628949, -15.552255, 0.861848
0, 8.743767, 12.988704, -12.906389, 1.541060
0, 4.187974, 7.817389, -12.985651, 1.108826
0, 5.388689, 11.775664, -10.830534, 1.479502
0, 11.638308, 17.696942, -16.429835, 1.289138
0, 2.349332, 16.436753, -12.123844, 1.009601
0, 5.353277, 14.718369, -12.376995, 1.296081
0, 5.004859, 18.278425, -12.947823, 1.592493
0, 7.498946, 16.305981, -12.672371, 1.584869
0, 7.310967, 13.305301, -12.002093, 1.586908
0, 5.050226, 20.843163, -19.996265, 1.935147
0, 7.906628, 16.737944, -11.396529, 1.855630
0, 4.038962, 16.654396, -15.584967, 1.822972
0, 7.377489, 20.469955, -16.685471, 2.349825
0, 3.807514, 19.992660, -20.636794, 1.049205
0, 12.568886, 15.547078, -19.772973, 0.863057
0, 3.407903, 19.075979, -13.087578, 1.311135
0, 3.622941, 15.433988, -7.849512, 1.253969
0, 6.607735, 23.102198, -19.733323, 1.077383
0, 8.730872, 10.234690, -14.020785, 0.982755
0, 5.055899, 20.399464, -21.110087, 2.061839
0, 12.507625, 17.940680, -20.904910, 1.431462
0, 6.275445, 11.981495, -12.316826, 1.404520
0, 6.332500, 15.382298, -12.857151, 1.406136
0, 8.984857, 17.076739, -11.691850, 1.750609
0, 12.161800, 16.253459, -22.423341, 0.983958
0, 8.392466, 18.907281, -20.425513, 1.731542
0, 10.075800, 21.288773, -21.683883, 1.895862
0, 10.479724, 20.216091, -21.803400, 2.147325
0, 4.986841, 17.190190, -9.729698, 1.592637
0, 9.964029, 19.153598, -18.405851, 1.708103
0, 8.699583, 20.630513, -18.629720, 1.962435
0, 6.346754, 18.796223, -16.588335, 1.573145
0, 8.660958, 14.744472, -11.041144, 1.527286
0, 9.901712, 14.054608, -10.876562, 1.192997
0, 5.848325, 20.008054, -18.155690, 2.004975
0, 7.181755, 17.995503, -11.925354, 1.612551
0, 11.142507, 18.168875, -19.979555, 1.551242
0, 3.047830, 12.744016, -10.448867, 1.735770
0, 9.811457, 16.916123, -12.202017, 1.489897
0, 4.639015, 10.967736, -11.287906, 1.585417
0, 7.436297, 17.040998, -15.733267, 2.060686
0, 4.160608, 16.986417, -8.466768, 1.328112
0, 6.069727, 16.910435, -11.743741, 1.568384
0, 2.867341, 17.160252, -14.864566, 1.563253
0, 5.254273, 17.461322, -12.340742, 1.414681
0, 10.582551, 17.983684, -14.402105, 1.772535
0, 4.229430, 10.639858, -13.201313, 1.214930
0, 5.823241, 13.035209, -8.813969, 1.617951
0, 4.350575, 17.294441, -11.610238, 1.541176
0, 5.000456, 16.867009, -14.771482, 1.529265
0, 8.469264, 18.427186, -10.702424, 1.444349
0, 7.922528, 11.978725, -11.044944, 1.351113
0, 6.756400, 21.011500, -21.111254, 2.301181
0, 4.803173, 8.621567, -12.195898, 1.271265
0, 6.253832, 18.328974, -12.624850, 1.607512
0, 6.642620, 13.111777, -10.221192, 1.404497
0, 8.646501, 15.596551, -11.834164, 1.564989
0, 3.801186, 17.056741, -7.214332, 1.365211
0, 3.448124, 16.241922, -8.553325, 1.317389
0, 4.197268, 19.840622, -22.003997, 1.580846
0, 5.501908, 9.843283, -11.372788, 1.901504
0, 2.382952, 12.162816, -11.581236, 1.386631
0, 9.709250, 21.324371, -22.845613, 1.615258
0, 6.126951, 17.584604, -13.955332, 1.648692
0, 2.617330, 17.078781, -9.235746, 1.301021
0, 3.738506, 14.587494, -10.799447, 1.302301
0, 2.221951, 10.649183, -10.346696, 1.276940
0, 4.830228, 14.631952, -10.696967, 1.440276
0, 5.411563, 12.843450, -10.698406, 1.222254
0, 9.234195, 17.864288, -12.290408, 1.627628
0, 5.652304, 18.533625, -9.233526, 1.416522
0, 8.494729, 22.142508, -21.001426, 1.721746
0, 11.202721, 19.148909, -17.553482, 1.752877
0, 4.393987, 17.668203, -14.955710, 1.749312
0, 9.928910, 20.324657, -20.042256, 2.174828
0, 4.362225, 12.831402, -10.961837, 1.502284
0, 10.644762, 18.578233, -16.380158, 1.417298
0, 2.303838, 13.563797, -9.467323, 1.422552
0, 7.717817, 18.888704, -16.346988, 1.787084
0, 5.364380, 18.068731, -15.551741, 1.975216
0, 8.876233, 19.601012, -12.966487, 1.788659
0, 4.374102, 19.687314, -15.936187, 1.872028
0, 8.415363, 20.022433, -20.372866, 1.857091
0, 4.516563, 19.197237, -13.222624, 1.377154
0, 8.945827, 20.656265, -22.338322, 2.184043
0, 3.844630, 9.975643, -10.752099, 1.580080
0, 12.313873, 18.232505, -19.701461, 1.341706
0, 4.470750, 10.633570, -10.219035, 1.794250
0, 9.778219, 17.994115, -11.097723, 1.496406
0, 9.426868, 21.132357, -19.564070, 1.678373
0, 9.010041, 20.792568, -20.828483, 1.793299
0, 5.241041, 10.415608, -12.727396, 1.191134
0, 11.203255, 14.912765, -13.048315, 0.953894
0, 4.682937, 13.242953, -9.538894, 1.337425
0, 6.015021, 15.796627, -11.737639, 1.372028
0, 7.680140, 21.686031, -17.506285, 2.103346
0, 6.070480, 17.708464, -10.200517, 1.297608
0, 10.902344, 19.988514, -16.302340, 1.982859
0, 9.490778, 19.302543, -15.751942, 2.159710
0, 10.089231, 19.027557, -17.145816, 1.736006
0, 9.374616, 16.430442, -10.397345, 1.832795
0, 7.006756, 22.311339, -18.291594, 1.883918
0, 7.728204, 15.821095, -14.489123, 1.554738
0, 4.442638, 18.970077, -14.829123, 1.768220
0, 8.314299, 19.745359, -15.700761, 2.088956
0, 6.678577, 18.174380, -14.668107, 1.567775
0, 3.892393, 20.213918, -14.747360, 1.712841
0, 10.392336, 16.525319, -10.097365, 1.335339
0, 2.661791, 12.782317, -9.019749, 1.256808
0, 9.912705, 20.639737, -14.572536, 1.682845
0, 7.618151, 18.960767, -17.431903, 1.571056
0, 11.045977, 20.364214, -18.639143, 1.907271
0, 6.373105, 19.280959, -14.708955, 1.457925
0, 3.257669, 18.536335, -14.504438, 1.760282
0, 2.687682, 17.166643, -10.642862, 1.549409
0, 7.049503, 21.369404, -23.138881, 1.543006
0, 4.203875, 10.711767, -12.200069, 1.429206
0, 3.373799, 13.222163, -9.501965, 1.240210
0, 4.670605, 18.355205, -11.746659, 1.380303
0, 2.028408, 7.784387, -13.676020, 0.970383
0, 8.440982, 14.594332, -9.853340, 1.375104
0, 11.076635, 20.774758, -20.025476, 1.803644
0, 3.114863, 7.912591, -12.319706, 1.079519
0, 3.906616, 19.348248, -13.999279, 1.560710
0, 5.784326, 16.646658, -10.328353, 1.405410
0, 3.411090, 17.956462, -10.145207, 1.424781
0, 6.838720, 16.383255, -10.983481, 1.636616
0, 6.468983, 18.714074, -9.768752, 1.504339
0, 9.328311, 18.020585, -14.728146, 1.813031
0, 2.713765, 11.543199, -10.258744, 1.458493
0, 1.898680, 12.569376, -9.900809, 1.144668
0, 2.821321, 14.393120, -9.696474, 1.358008
0, 7.628796, 13.166380, -11.083157, 1.489481
0, 10.363363, 12.898842, -12.692038, 0.707877
0, 6.620596, 10.707765, -11.830632, 1.459804
0, 3.592046, 12.781026, -8.143629, 1.344540
0, 5.239765, 16.533813, -11.221196, 1.284625
0, 7.602938, 15.543418, -7.586935, 1.378270
0, 7.716423, 14.379679, -11.279751, 1.533423
0, 8.680450, 19.707496, -17.734230, 2.187104
0, 10.608003, 18.838589, -15.366630, 1.686343
0, 10.709996, 17.589241, -11.742973, 1.510298
0, 12.070149, 19.217359, -18.230899, 1.007065
0, 4.038223, 18.576150, -10.817753, 1.419745
0, 7.281406, 18.075698, -10.843302, 1.698542
0, 9.109930, 17.001451, -15.773326, 1.739193
0, 11.112794, 20.773906, -17.569448, 1.236957
0, 5.113087, 18.075681, -10.472263, 1.375527
0, 9.951127, 18.444268, -13.678840, 1.735482
0, 9.899053, 20.288812, -18.957324, 1.771465
0, 6.129730, 19.301993, -15.691085, 1.611859
0, 4.455295, 9.169385, -10.557996, 1.471764
0, 11.256691, 19.226070, -20.154293, 1.909730
0, 4.831853, 14.602985, -9.360130, 1.505354
0, 7.021495, 19.930705, -12.612734, 1.445022
0, 7.263276, 14.425514, -9.882391, 1.521688
0, 2.541044, 11.527123, -9.308119, 1.321872
0, 10.552682, 19.148982, -13.115917, 1.487765
0, 2.476531, 9.576193, -9.967808, 1.262850
0, 5.875855, 19.243240, -13.620426, 1.874781
0, 6.081170, 11.434142, -9.343946, 1.393470
0, 1.964027, 14.775062, -9.476202, 0.913662
0, 9.030142, 19.348978, -18.960740, 1.676220
0, 2.759406, 14.202304, -8.464141, 1.621426
0, 7.346363, 18.788336, -13.601545, 1.912974
0, 8.011977, 21.891109, -22.378856, 2.085026
0, 5.832156, 19.617181, -20.955654, 1.977857
0, 2.600187, 16.308042, -14.097134, 1.135733
0, 9.286480, 22.848149, -19.262172, 1.288894
0, 8.729715, 21.753393, -18.873997, 1.930325
0, 7.045875, 17.179245, -9.899140, 1.601827
0, 5.829133, 14.740394, -9.185462, 1.717258
0, 3.275599, 11.632153, -12.979950, 1.411795
0, 5.421793, 13.867474, -10.083856, 1.486031
0, 9.526789, 14.963893, -10.107056, 1.789571
0, 3.484121, 16.900430, -12.190664, 1.429724
0, 4.864926, 15.986331, -15.381830, 1.285322
0, 5.615068, 18.468671, -14.327118, 1.664513
0, 6.783839, 18.023234, -8.608273, 1.314127
0, 11.918324, 20.044839, -19.650569, 0.978379
0, 4.081819, 15.399126, -6.642037, 1.307515
0, 8.530972, 13.457876, -9.682520, 1.154409
0, 6.472195, 14.156973, -10.397748, 1.451117
0, 4.129879, 20.111356, -17.610160, 1.648253
0, 10.064307, 20.059320, -17.384375, 1.756885
0, 9.551035, 21.826368, -20.523519, 1.926808
0, 4.026084, 15.347475, -10.274616, 1.361287
0, 9.807379, 18.927487, -12.421850, 1.516968
0, 12.436671, 18.908692, -22.493468, 1.105011
0, 9.799247, 22.525541, -21.318792, 0.845691
0, 7.847267, 19.929785, -13.843272, 1.450769
0, 10.293337, 22.126763, -19.470893, 1.335888
0, 3.031775, 18.583132, -10.946136, 1.395655
0, 7.937571, 15.840168, -10.915454, 1.473888
0, 2.961822, 13.401112, -7.803366, 1.261866
0, 5.749804, 21.608004, -20.322712, 1.898729
0, 1.906553, 12.916925, -11.104376, 0.944149
0, 8.728850, 21.609159, -17.192559, 1.658977
0, 3.888503, 13.837795, -8.930667, 1.220830
0, 7.818311, 15.206604, -12.623159, 1.562789
0, 10.766933, 15.835260, -12.868895, 1.700593
0, 3.577341, 11.292969, -9.350064, 1.391690
0, 3.711885, 20.069925, -19.396182, 0.975567
0, 8.247559, 19.175915, -14.409314, 1.914409
0, 3.966549, 19.637974, -12.458933, 1.270845
0, 8.050882, 18.864038, -12.693640, 1.391575
0, 5.211680, 19.684488, -15.021965, 1.839982
0, 7.930773, 15.745433, -9.955806, 1.380581
0, 7.579624, 13.186120, -8.441445, 0.675209
0, 2.486724, 16.198601, -8.424406, 1.286681
0, 7.438616, 13.135024, -9.567786, 1.279827
0, 9.388078, 20.709614, -13.097039, 1.531578
0, 11.375323, 19.143192, -14.259635, 1.111158
0, 3.723930, 16.794170, -9.413924, 1.269738
0, 5.622380, 13.945419, -8.325249, 1.647569
0, 10.704910, 12.705871, -14.164944, 0.805138
0, 9.729251, 19.229012, -14.766486, 2.052020
0, 10.997227, 20.885904, -21.083153, 1.640854
0, 6.089529, 10.740380, -10.446817, 1.707110
0, 3.830712, 19.198350, -9.366883, 1.482913
0, 6.813520, 15.402058, -8.546009, 1.473951
0, 3.751869, 18.710832, -11.816054, 1.348403
0, 6.956072, 13.723697, -8.976703, 1.408475
0, 8.893012, 13.965064, -10.496672, 1.332090
0, 9.135229, 20.528428, -16.800668, 2.074536
0, 2.641265, 18.385525, -12.894002, 0.806461
0, 2.136096, 16.190516, -7.519496, 0.646075
0, 11.680782, 15.405121, -13.807282, 0.702253
0, 5.988553, 21.547847, -17.715096, 1.917496
0, 5.957601, 19.204158, -12.275552, 1.529138
0, 3.006098, 19.372760, -11.598614, 1.002700
0, 12.417502, 17.039997, -18.101226, 0.756270
0, 7.247076, 10.907269, -10.552643, 0.879689
0, 7.408826, 18.524085, -7.823498, 1.399296
0, 6.082297, 17.424742, -8.973133, 1.361826
0, 6.267007, 22.058946, -16.220381, 1.484350
0, 3.186955, 9.688659, -9.296832, 0.906487
0, 6.182172, 19.840824, -11.383057, 1.336795
0, 8.083823, 16.000364, -13.483014, 1.272749
0, 9.568991, 17.366625, -10.121047, 1.497263
0, 10.791677, 21.385915, -22.610664, 0.909550
0, 7.399088, 20.953759, -13.090409, 1.436331
0, 4.856338, 21.360036, -15.707962, 1.520153
0, 7.624229, 17.596885, -14.675568, 1.805427
0, 10.779937, 21.576947, -18.598292, 1.487394
0, 7.806032, 18.914163, -9.907859, 1.727447
0, 9.508234, 21.080346, -17.786945, 1.813781
0, 10.195393, 20.106870, -11.278248, 1.159401
0, 8.411966, 22.721766, -19.999809, 1.598682
0, 9.434883, 18.181507, -16.241023, 1.597537
0, 5.618768, 10.480430, -9.383568, 0.940512
0, 7.899284, 17.451878, -9.151522, 1.296157
0, 6.309759, 19.608311, -22.656708, 1.699263
0, 2.553176, 18.500832, -8.530064, 0.980357
0, 6.265250, 20.341071, -16.066865, 1.519220
0, 4.181739, 10.758302, -8.724215, 1.144011
0, 5.580926, 18.221939, -11.349801, 1.429012
0, 10.707380, 15.264213, -11.116596, 1.081530
0, 10.138288, 20.979950, -15.743712, 2.209712
0, 4.162804, 12.067881, -8.639665, 1.437448
0, 6.557215, 11.849960, -10.497118, 1.379537
0, 7.934650, 19.972798, -12.122727, 1.503293
0, 4.180036, 18.079496, -8.659469, 1.294690
0, 4.518480, 20.882790, -14.261193, 1.532601
0, 9.348925, 15.132372, -9.087025, 1.034724
0, 10.387095, 21.242119, -16.975219, 1.640501
0, 5.607114, 16.359552, -8.926596, 1.475578
0, 10.895779, 20.257015, -14.117913, 0.937371
0, 2.028085, 10.480931, -9.183857, 0.792393
0, 9.213408, 22.331606, -17.851540, 2.023208
0, 5.248681, 12.299018, -8.139579, 1.207146
0, 4.583830, 20.044136, -11.424758, 1.498062
0, 8.219536, 21.478219, -19.988197, 1.538696
0, 8.335361, 18.529419, -11.681263, 1.592265
0, 10.003750, 18.713412, -10.146059, 1.616125
0, 9.030936, 22.574401, -22.141886, 1.068005
0, 3.133941, 8.896225, -10.379174, 1.033021
0, 8.401014, 23.017341, -17.616412, 1.458246
0, 6.810197, 17.271226, -12.739765, 1.634996
0, 3.889639, 20.983572, -15.789932, 0.989836
0, 9.191477, 20.048036, -10.990946, 1.306696
0, 2.637079, 12.055631, -8.270703, 1.213500
0, 5.142760, 19.159263, -9.836830, 1.407287
0, 8.390878, 14.122269, -8.811791, 0.994572
0, 10.435810, 15.154796, -16.352053, 1.843688
0, 6.612643, 17.342812, -10.951473, 1.240658
0, 6.344431, 14.684690, -7.184341, 1.326192
0, 5.027736, 16.156517, -6.026789, 1.190322
0, 5.149352, 19.045955, -11.045036, 1.207996
0, 6.577230, 16.317799, -7.835804, 1.394956
0, 7.817485, 11.791766, -10.036140, 0.607890
0, 4.604145, 20.578604, -16.659782, 1.563854
0, 7.976696, 21.662677, -15.385528, 1.792695
0, 6.616865, 12.893852, -8.027877, 0.928020
0, 11.210722, 20.013534, -15.128505, 1.120435
0, 4.550476, 21.361591, -17.602118, 1.639596
0, 2.399505, 8.989596, -11.141157, 1.678851
0, 4.087997, 21.712053, -13.228619, 0.839316
0, 3.270158, 17.834297, -7.779592, 1.231744
0, 11.589830, 19.017337, -16.564231, 1.084423
0, 10.317590, 20.916595, -12.701790, 0.719151
0, 7.750066, 22.056259, -14.250413, 1.869849
0, 10.525554, 13.796613, -12.315332, 0.843195
0, 7.379873, 19.820619, -11.166769, 1.815308
0, 2.682762, 10.903571, -8.601767, 0.742278
0, 4.268657, 21.756166, -14.777376, 0.886405
0, 7.452117, 22.756509, -22.017557, 1.144348
0, 7.420675, 23.214905, -18.798028, 1.273298
0, 6.686501, 18.942813, -11.390140, 1.318283
0, 7.121661, 23.154835, -16.359027, 1.005161
0, 1.539019, 11.299484, -9.912149, 0.618214
0, 10.953706, 18.144798, -12.630119, 1.457024
0, 3.019314, 15.085931, -7.137763, 1.208046
0, 10.172206, 22.219281, -16.546926, 1.226334
0, 5.159285, 17.970091, -8.453193, 1.434509
0, 5.845601, 22.743888, -14.926915, 1.423247
0, 2.615372, 18.557910, -7.330952, 1.012371
0, 4.954813, 20.084263, -13.512908, 1.471417
0, 4.011382, 12.400050, -9.667545, 1.500216
0, 8.212410, 12.649834, -10.237734, 1.113932
0, 2.868227, 10.214754, -10.946340, 1.329011
0, 6.191645, 16.704691, -6.119586, 1.596379
0, 11.708506, 17.586077, -14.618510, 1.040317
0, 4.349863, 13.345984, -7.515252, 1.272577
0, 3.567568, 20.820088, -13.578903, 0.878554
0, 8.280741, 19.970873, -9.963760, 1.771435
0, 6.445731, 20.155630, -10.454086, 1.502947
0, 8.117134, 21.119729, -10.251750, 1.754285
0, 9.048787, 14.117068, -13.192891, 1.473259
0, 2.838025, 13.745974, -6.933022, 0.791715
0, 2.899132, 16.333205, -6.337372, 0.920117
0, 6.317221, 21.423669, -9.147171, 1.540097
0, 11.212389, 16.785265, -12.758117, 1.212740
0, 9.963993, 15.976509, -9.038130, 0.856764
0, 4.534622, 16.368705, -10.475360, 1.172935
0, 6.039171, 19.016319, -10.613307, 1.177813
0, 6.447531, 21.497838, -14.142764, 1.880804
0, 5.282499, 15.444164, -8.325054, 1.405759
0, 3.660033, 19.644380, -10.514595, 1.672487
0, 7.714425, 14.567200, -7.654303, 0.707271
0, 8.738433, 21.324924, -16.078026, 1.808905
0, 8.838107, 16.555071, -8.631898, 1.686764
0, 4.760138, 21.993093, -20.101179, 0.848541
0, 7.123899, 21.422329, -11.265095, 1.667819
0, 7.091257, 18.957551, -12.376468, 1.220203
0, 8.072409, 16.197398, -9.103101, 1.297365
0, 7.530567, 19.955493, -8.820841, 1.452264
0, 4.357776, 13.909318, -6.548039, 0.933771
0, 7.502574, 14.505813, -8.584835, 1.098659
0, 3.445711, 20.270465, -11.552397, 1.022526
0, 4.721474, 13.320452, -8.576827, 1.325019
0, 7.237752, 19.924586, -15.718682, 1.582107
0, 5.275969, 12.810664, -7.250184, 0.688521
0, 5.538768, 11.403555, -8.176380, 0.600006
0, 8.489905, 13.594181, -11.404272, 1.226838
0, 5.141252, 16.993774, -7.250096, 1.100024
0, 3.782370, 17.720980, -5.994552, 1.211393
0, 5.419390, 19.909675, -10.685402, 1.169176
0, 2.279370, 17.498857, -8.185379, 0.847840
0, 4.420161, 14.730513, -7.526782, 1.340821
0, 2.876791, 19.390126, -8.451722, 0.969242
0, 2.439530, 14.891431, -7.902556, 1.422677
0, 6.929913, 23.058785, -15.261956, 1.364487
0, 6.842037, 20.225911, -13.612750, 1.561122
0, 5.594976, 21.662226, -13.567750, 1.445334
0, 3.944031, 18.953670, -7.835418, 1.451988
0, 5.745903, 17.791068, -7.284440, 1.173353
0, 8.736355, 22.206830, -13.735078, 1.673173
0, 2.915068, 17.987757, -6.586133, 1.096402
0, 9.691151, 22.222383, -15.198297, 1.495540
0, 9.868757, 20.186019, -9.990736, 1.123981
0, 5.479943, 21.592039, -14.787106, 1.500036
0, 6.968937, 13.955892, -7.799690, 1.049499
0, 8.983194, 18.768522, -9.863018, 1.444282
0, 9.720376, 17.963361, -8.905917, 1.390501
0, 2.769846, 18.652956, -9.565506, 1.217469
0, 5.551263, 13.723595, -6.980894, 1.090437
0, 2.964611, 15.309555, -6.189163, 0.692557
0, 6.282817, 20.701490, -12.144880, 1.633077
0, 3.759912, 14.096122, -7.769967, 1.279084
0, 8.086911, 17.109232, -7.322153, 0.958327
0, 7.575860, 22.821349, -13.194080, 0.779431
0, 4.624967, 17.664533, -7.655805, 1.232702
0, 8.857482, 20.780534, -15.111682, 1.935075
0, 5.599964, 15.384111, -6.228326, 1.241290
0, 7.100346, 19.056972, -8.563456, 1.394201
0, 5.106378, 18.751087, -7.289331, 1.288584
0, 10.733251, 17.654560, -10.382612, 1.038521
0, 6.645397, 23.000372, -13.579777, 1.037464
0, 5.576020, 20.781514, -12.859400, 1.328392
0, 7.461733, 18.735138, -14.977320, 1.606573
0, 8.523537, 22.625577, -16.453295, 1.754459
0, 7.131171, 21.564812, -20.224715, 1.685270
0, 7.330062, 20.338817, -14.662929, 1.828527
0, 8.051423, 16.446996, -6.543999, 0.584493
0, 8.428363, 22.688031, -14.736258, 1.396492
0, 2.972974, 19.001565, -6.338461, 0.779211
0, 3.080752, 19.624054, -7.469014, 0.716488
0, 8.190290, 16.721760, -10.244217, 1.616767
0, 8.912648, 20.135586, -9.078447, 1.323014
0, 4.554402, 19.202419, -8.584115, 1.293365
0, 9.389536, 19.357667, -8.654548, 0.966793
0, 4.626698, 19.179716, -6.134966, 1.125874
0, 10.233266, 17.020900, -9.066831, 0.856809
0, 5.523357, 19.697150, -8.367818, 1.738787
0, 5.268890, 21.272146, -11.564700, 1.619574
0, 4.579663, 18.194093, -9.602927, 1.340353
0, 8.379019, 19.593454, -11.286924, 1.414470
0, 10.406518, 14.671573, -19.878337, 1.465871
0, 8.338225, 21.180712, -8.993446, 0.910997
0, 5.270316, 22.366198, -16.747203, 1.372060
0, 5.275688, 16.032941, -6.910881, 1.135162
0, 6.803142, 21.416774, -16.905025, 1.499146
0, 4.318814, 21.884009, -16.512079, 0.765023
0, 4.859684, 17.070386, -6.341448, 1.364825
0, 6.200639, 18.580930, -6.554273, 1.327827
0, 1.967150, 13.009402, -8.335214, 0.732762
0, 1.662936, 11.987646, -10.764230, 0.600250
0, 8.150702, 21.036139, -13.815521, 1.529923
0, 4.190904, 18.418904, -6.612488, 1.348837
0, 6.334638, 22.761439, -22.063473, 0.929433
0, 8.737033, 21.982505, -23.319117, 0.928229
0, 6.475786, 17.308484, -6.778324, 1.523191
0, 8.566392, 17.689948, -8.241324, 1.250455
0, 6.054597, 22.915358, -17.810449, 1.239276
0, 6.775929, 21.464941, -15.507401, 1.976180
0, 7.328715, 21.995671, -12.682277, 1.374042
0, 4.190200, 20.975879, -11.590366, 1.318260
0, 8.672532, 17.718703, -9.862843, 1.389261
0, 6.116609, 20.300046, -15.008384, 1.518587
0, 8.755407, 21.230553, -11.570014, 1.534843
0, 4.475141, 14.881990, -5.964865, 0.820080
0, 12.184804, 17.859459, -17.298463, 0.670412
0, 9.126912, 18.593292, -13.073908, 1.356165
0, 7.105166, 20.629156, -9.425051, 1.412651
0, 3.599945, 16.310427, -5.704573, 1.284870
0, 10.763986, 19.295838, -12.009233, 1.174580
0, 8.274703, 21.481252, -12.755075, 1.381760
0, 5.678412, 21.065358, -16.609363, 1.592637
0, 6.394891, 19.851773, -9.402625, 1.856036
0, 7.865924, 21.052502, -11.951287, 1.448479
0, 8.371851, 19.198210, -8.656490, 1.333499
0, 5.519024, 19.552848, -6.376691, 1.420403
0, 5.312024, 14.976814, -7.238034, 1.136240
0, 5.297230, 22.280834, -15.657699, 1.245051
0, 4.250177, 20.172132, -8.793995, 1.462782
0, 4.839904, 11.449696, -8.971299, 1.236853
0, 4.941691, 19.070122, -4.856052, 0.808688
0, 8.256211, 16.289618, -7.743647, 1.190263
0, 8.739839, 20.264751, -8.051122, 0.867792
0, 3.663492, 20.807516, -9.742969, 0.969023
0, 7.532820, 22.769414, -20.742090, 1.366852
0, 8.992672, 16.980941, -7.624356, 0.859893
0, 5.904245, 16.922340, -8.124974, 1.382450
0, 9.884124, 21.650575, -14.210392, 1.447712
0, 4.719507, 16.046492, -5.147755, 0.703232
0, 11.543126, 18.083600, -13.539373, 0.883902
0, 5.175250, 22.430762, -18.107137, 1.064433
0, 8.931376, 20.469063, -14.098573, 1.585655
0, 4.264228, 20.745676, -7.457014, 0.908863
0, 9.467307, 20.198738, -11.927234, 1.604862
0, 4.550714, 20.001304, -9.991702, 1.280410
0, 7.452558, 17.529925, -8.152494, 1.472939
0, 4.850152, 21.819875, -18.900020, 1.379529
0, 6.695430, 21.310414, -8.007710, 1.163766
0, 7.881558, 17.829717, -6.751110, 1.202978
0, 4.052837, 17.028741, -5.229222, 1.330399
0, 6.906825, 15.787675, -6.566826, 1.417908
0, 2.902806, 19.799605, -9.485460, 0.812023
0, 6.262160, 21.554798, -12.742916, 1.568670
0, 5.048432, 22.244173, -11.964839, 1.036836
0, 6.324310, 17.832048, -5.869371, 1.210870
0, 9.396500, 18.585832, -7.982387, 0.866941
0, 6.166840, 18.729225, -7.687466, 1.533649
0, 3.103566, 16.006882, -7.255017, 1.031676
0, 3.953525, 18.482862, -4.935673, 0.974371
0, 2.156113, 17.558064, -7.213671, 0.513575
0, 2.737003, 17.431188, -5.869563, 0.649492
0, 4.949624, 20.671929, -9.213940, 1.778067
0, 3.954865, 19.806708, -6.636513, 1.163613
0, 6.543358, 11.964220, -8.467813, 0.731670
0, 4.713403, 22.427897, -14.098767, 0.793214
0, 7.830328, 15.214530, -9.160849, 1.126846
0, 4.420923, 12.368210, -7.686222, 0.838729
0, 6.080701, 23.170855, -16.113595, 0.708942
0, 8.812496, 17.978436, -7.304226, 0.813420
0, 5.231233, 18.035435, -6.505148, 1.213529
0, 9.601343, 21.509334, -12.372347, 1.115610
0, 8.194479, 22.207373, -11.093393, 0.860578
0, 4.573759, 20.942295, -12.711948, 1.588922
0, 7.662784, 17.289615, -5.985381, 0.883913
0, 7.527213, 18.417821, -6.002459, 0.961633
0, 5.652597, 17.085271, -5.242926, 1.392437
0, 9.375448, 21.004292, -10.841900, 1.078910
0, 4.713292, 19.598180, -7.454381, 1.338992
0, 6.573310, 18.195278, -5.050874, 0.634123
0, 4.845085, 17.905718, -4.970119, 1.236056
0, 5.631760, 20.785860, -8.265806, 1.736803
0, 5.118212, 21.821669, -10.650613, 0.826271
0, 3.113432, 17.711752, -8.707896, 1.182760
0, 5.694139, 20.564311, -7.346351, 1.441342
0, 7.997262, 19.434234, -7.607328, 1.237563
0, 7.279201, 20.788347, -7.053926, 0.704679
0, 9.261965, 18.863721, -11.266255, 1.477318
0, 6.084434, 22.468224, -11.439937, 0.957651
0, 6.022447, 21.414045, -10.522704, 1.452441
0, 4.179875, 17.659573, -4.369213, 0.545082
0, 6.863532, 19.194956, -6.995339, 1.249488
0, 3.271615, 18.536728, -5.550795, 0.829119
0, 7.855168, 22.828252, -15.696874, 1.191772
0, 5.736948, 20.754230, -14.032908, 1.359065
0, 6.967078, 22.505246, -23.421384, 0.652261
0, 4.944157, 20.276957, -6.317933, 0.990118
0, 4.981647, 19.889939, -12.433180, 1.443205
0, 6.159822, 14.827746, -8.154244, 1.086131
0, 3.618397, 20.202601, -7.991782, 0.906905
0, 9.369591, 18.449515, -20.579062, 1.714265
0, 7.524127, 19.503514, -6.412446, 0.872507
0, 7.624798, 22.101655, -16.433106, 1.486426
0, 5.404661, 14.427980, -6.361230, 0.647819
0, 4.104476, 20.009849, -5.659763, 0.670000
0, 7.097152, 22.233225, -10.192866, 0.753223
0, 7.670948, 20.725676, -8.114155, 1.281026
0, 3.135242, 20.073959, -12.784194, 0.711988
0, 8.383498, 18.706865, -6.914972, 0.889610
0, 6.909086, 20.315667, -6.080872, 0.753266
0, 6.518729, 19.934556, -7.448130, 1.674316
0, 8.153044, 17.785972, -17.741791, 1.308502
0, 7.083322, 23.278371, -17.457545, 1.008025
0, 6.998429, 19.046534, -5.573284, 0.750200
0, 6.580874, 17.279991, -5.152720, 0.546577
0, 7.465739, 21.730723, -9.350235, 0.814494
0, 7.275073, 16.582629, -7.192217, 1.182510
0, 5.879540, 19.057444, -5.272300, 1.113303
0, 5.279201, 19.790957, -5.425856, 0.849383
0, 5.073305, 20.837238, -10.305880, 1.340585
0, 10.169459, 20.095063, -13.341205, 1.592871
0, 10.718905, 18.446514, -11.137602, 1.111578
0, 9.728485, 16.067720, -13.183664, 1.306347
0, 3.277425, 16.189834, -10.027877, 1.193946
0, 2.446171, 17.826407, -9.976975, 0.742645
0, 11.046058, 13.692386, -13.869762, 0.759020
0, 5.992901, 20.905454, -6.443508, 0.691720
0, 6.011074, 15.557063, -7.520082, 1.121868
0, 7.598671, 18.358773, -9.051502, 1.177120
0, 5.545893, 21.880734, -9.729967, 0.887282
0, 8.050987, 20.186435, -7.020543, 0.614931
0, 6.650681, 22.709926, -12.432988, 0.779273
0, 6.924311, 21.137269, -10.305744, 1.204511
0, 5.604287, 22.572538, -19.481643, 1.188473
0, 4.150918, 21.404738, -10.573419, 0.816316
0, 10.120549, 18.912312, -9.099348, 0.677585
0, 5.690248, 22.732744, -13.148615, 0.866994
0, 4.313586, 16.178747, -7.098680, 1.164384
0, 6.072691, 14.488457, -15.101744, 1.404578
0, 9.001697, 19.285519, -7.377214, 0.584091
0, 7.052388, 22.492772, -11.291602, 0.727710
0, 9.206321, 21.180977, -9.811562, 0.667351
0, 5.650969, 18.493418, -4.526826, 0.487088
0, 4.569787, 18.313556, -5.735515, 1.026798
0, 8.253041, 22.468287, -12.556601, 0.911602
0, 4.681516, 9.964632, -9.227115, 0.788492
0, 2.884789, 16.920369, -7.396225, 1.094973
0, 8.786155, 18.232676, -9.010475, 1.064385
0, 7.548877, 20.706459, -19.144303, 1.728452
