0, 6.702851, 13.322149, -12.483774, 0.502572
0, 6.938563, 14.380277, -13.049473, 0.604053
0, 6.179118, 15.256618, -12.897618, 0.409133
0, 6.902409, 13.926178, -11.405210, 0.367789
0, 6.348669, 13.941701, -10.958934, 0.272091
0, 5.963100, 15.599592, -14.005434, 0.542703
0, 5.574451, 12.844225, -13.004233, 0.513997
0, 6.832333, 14.663567, -11.637312, 0.463484
0, 7.803550, 14.176330, -11.891395, 0.287586
0, 5.871973, 13.454243, -11.613800, 0.475275
0, 6.818006, 14.760568, -10.727416, 0.314291
0, 7.155047, 13.978164, -12.264257, 0.541729
0, 5.899238, 14.084177, -13.405284, 0.545567
0, 6.042860, 14.244037, -11.632116, 0.453018
0, 6.396621, 14.217331, -12.261224, 0.481558
0, 5.557156, 13.935015, -12.233181, 0.414518
0, 5.269934, 13.568593, -14.103089, 0.495275
0, 7.220077, 13.061526, -13.672419, 0.526487
0, 4.632947, 13.682786, -14.521406, 0.389151
0, 6.862110, 14.877558, -13.724113, 0.542507
0, 5.481126, 16.371024, -13.781107, 0.496124
0, 6.511977, 14.488928, -14.380055, 0.543912
0, 5.774355, 15.003715, -11.437379, 0.459679
0, 4.951075, 13.894994, -11.025874, 0.220771
0, 7.545261, 15.282158, -11.392301, 0.463273
0, 7.310322, 15.865444, -14.069685, 0.450779
0, 7.522926, 15.421136, -12.302493, 0.495417
0, 5.812980, 14.731699, -12.650215, 0.459251
0, 7.592771, 13.650157, -13.087696, 0.653497
0, 7.786883, 14.607394, -13.711588, 0.643063
0, 7.745918, 16.243274, -12.528690, 0.505599
0, 6.327800, 12.670576, -13.085884, 0.587246
0, 8.233511, 15.066448, -11.538320, 0.242989
0, 6.069731, 14.829894, -14.807217, 0.609729
0, 7.298364, 16.116043, -10.523794, 0.348135
0, 5.643054, 12.444783, -14.203658, 0.462533
0, 6.857038, 16.126454, -13.532690, 0.527491
0, 5.707619, 14.784302, -14.061035, 0.589102
0, 6.008044, 13.757868, -14.152936, 0.502059
0, 6.372789, 13.031920, -11.973587, 0.397490
0, 5.493012, 12.376283, -12.500792, 0.483149
0, 5.399154, 12.762837, -14.790277, 0.557173
0, 5.236240, 15.818479, -14.178414, 0.580333
0, 5.291613, 12.186373, -15.327430, 0.467563
0, 6.544439, 13.753536, -13.159215, 0.580152
0, 6.747878, 15.296231, -11.099268, 0.507855
0, 7.392446, 14.287014, -14.835403, 0.564887
0, 7.403551, 12.971319, -14.520436, 0.509936
0, 5.225018, 13.354123, -11.990481, 0.415541
0, 6.301547, 13.833576, -15.434627, 0.552017
0, 6.383698, 17.027740, -13.579115, 0.490505
0, 4.594095, 13.701251, -13.072431, 0.390897
0, 8.284457, 14.646208, -12.519141, 0.498262
0, 5.980408, 14.640429, -10.667862, 0.408703
0, 7.324318, 13.005048, -12.952373, 0.296502
0, 5.066130, 14.819965, -11.186571, 0.397893
0, 4.494409, 13.092414, -14.006613, 0.310247
0, 7.725150, 15.375155, -13.559926, 0.582753
0, 7.033239, 16.774919, -10.429311, 0.459595
0, 5.812156, 15.505705, -12.063635, 0.449113
0, 6.881618, 15.350989, -12.868049, 0.508349
0, 7.475075, 14.673867, -12.471222, 0.557830
0, 7.055274, 12.114483, -14.426146, 0.510996
0, 6.219430, 14.973408, -11.940612, 0.364671
0, 5.368915, 16.709511, -14.480175, 0.639727
0, 5.953955, 11.525491, -14.874237, 0.530366
0, 5.024969, 14.184358, -11.856432, 0.429214
0, 4.614241, 14.491901, -12.964923, 0.357613
0, 5.355768, 12.638015, -11.804141, 0.263999
0, 5.359720, 14.401283, -13.064048, 0.433930
0, 6.297325, 14.692222, -15.718972, 0.693602
0, 5.108839, 15.097231, -14.724928, 0.613992
0, 4.348321, 12.318015, -13.694570, 0.205219
0, 5.307175, 13.736495, -12.850874, 0.417540
0, 7.423112, 14.482630, -11.253468, 0.240494
0, 4.524144, 14.481193, -14.047949, 0.321793
0, 4.323225, 12.983602, -13.271322, 0.285708
0, 4.696090, 12.926762, -14.830395, 0.364843
0, 6.702352, 15.481786, -14.400204, 0.525101
0, 5.256542, 14.438397, -15.267814, 0.671836
0, 5.835674, 13.188926, -13.709493, 0.508363
0, 7.912620, 13.554446, -14.101015, 0.662729
0, 4.261211, 12.579343, -12.244726, 0.325586
0, 8.183189, 15.348973, -12.467965, 0.435605
0, 4.876410, 11.784434, -14.383610, 0.567840
0, 7.776182, 16.550728, -10.781182, 0.422281
0, 6.435138, 12.000965, -13.650143, 0.304735
0, 6.744334, 13.322066, -14.135236, 0.552082
0, 5.604897, 14.427689, -16.101781, 0.683540
0, 4.985426, 15.131128, -13.562447, 0.465416
0, 4.803865, 13.268415, -11.482550, 0.314577
0, 5.267442, 13.537147, -15.055386, 0.520129
0, 8.555828, 15.810284, -12.947151, 0.567812
0, 6.121687, 15.544964, -10.616828, 0.530761
0, 4.857522, 13.090980, -12.487237, 0.486706
0, 7.120348, 16.121499, -12.785591, 0.516279
0, 7.713252, 15.635641, -10.754074, 0.306181
0, 6.018894, 17.047443, -14.248738, 0.460024
0, 6.874750, 17.476203, -10.825123, 0.512260
0, 5.020881, 14.102136, -13.653103, 0.508994
0, 5.218494, 13.753732, -15.867149, 0.519149
0, 4.435877, 14.968629, -11.997950, 0.313860
0, 5.052202, 12.516013, -13.818132, 0.468098
0, 8.468167, 15.075551, -13.271422, 0.564491
0, 7.229473, 16.721538, -13.587945, 0.508565
0, 5.625933, 12.118029, -13.544382, 0.511494
0, 4.603228, 16.222796, -11.635313, 0.371743
0, 4.668056, 15.724718, -10.602655, 0.282391
0, 6.123106, 13.702430, -16.725351, 0.652766
0, 5.376113, 15.971357, -15.045320, 0.652494
0, 4.602718, 12.099022, -13.078157, 0.452805
0, 5.181730, 15.599505, -11.087311, 0.570760
0, 6.600113, 16.534874, -9.837052, 0.469075
0, 6.364923, 15.967538, -12.735917, 0.423362
0, 6.628941, 15.522054, -12.208733, 0.434426
0, 8.923452, 15.589237, -13.974212, 0.511247
0, 8.997759, 14.575335, -13.325420, 0.277957
0, 5.301506, 14.859273, -12.157263, 0.500997
0, 4.620904, 16.395689, -10.548339, 0.270817
0, 5.018033, 13.033316, -15.672023, 0.272978
0, 5.350391, 15.381838, -13.000458, 0.520066
0, 5.053562, 17.427063, -14.234100, 0.479210
0, 8.567067, 16.493355, -12.229715, 0.520262
0, 9.448667, 16.460630, -12.570151, 0.323377
0, 5.053029, 16.343953, -12.773519, 0.523646
0, 5.752957, 17.281410, -15.097582, 0.506843
0, 7.372582, 17.750976, -13.403902, 0.640181
0, 9.018368, 16.145728, -15.164422, 0.546747
0, 5.579055, 16.057939, -9.989570, 0.540583
0, 8.650625, 16.678475, -13.184758, 0.570025
0, 6.961360, 16.272047, -11.807862, 0.496511
0, 7.723449, 15.970006, -14.665125, 0.446058
0, 6.396688, 16.227965, -14.076479, 0.478773
0, 5.666108, 15.506345, -15.708779, 0.616824
0, 5.962756, 12.014683, -15.833308, 0.478201
0, 4.990363, 15.190853, -10.355520, 0.336796
0, 6.383252, 13.587591, -14.760737, 0.529378
0, 5.896942, 17.143199, -12.757974, 0.459620
0, 6.608846, 12.803278, -14.843453, 0.616657
0, 4.593163, 15.938367, -12.268600, 0.351145
0, 8.736768, 15.466738, -11.931608, 0.246545
0, 7.535772, 15.893489, -11.663121, 0.482302
0, 7.542499, 12.493393, -15.204526, 0.747011
0, 8.136959, 15.897497, -12.014058, 0.398736
0, 6.822917, 12.562111, -15.675619, 0.736580
0, 7.828548, 12.744559, -16.063619, 0.630015
0, 7.173922, 14.211090, -15.585707, 0.570420
0, 7.939345, 13.463588, -15.284869, 0.607063
0, 5.586822, 18.094508, -12.703815, 0.467287
0, 5.553863, 16.411162, -16.114826, 0.580206
0, 7.631489, 16.424057, -10.044678, 0.230250
0, 7.877551, 15.270704, -14.820706, 0.483086
0, 6.235876, 12.515443, -16.328354, 0.480543
0, 6.054426, 16.992477, -11.773885, 0.503266
0, 6.379044, 14.966263, -10.259056, 0.211546
0, 6.780580, 16.266325, -10.959226, 0.448912
0, 9.233002, 14.845740, -13.995946, 0.357030
0, 6.449111, 15.775404, -15.698068, 0.781414
0, 4.912562, 17.631522, -10.486270, 0.526946
0, 9.110407, 16.252465, -13.543884, 0.483179
0, 7.198728, 17.313507, -9.647962, 0.358970
0, 8.226051, 15.625931, -13.987261, 0.484116
0, 8.244700, 15.734921, -11.342118, 0.287361
0, 5.765268, 13.306289, -15.513275, 0.546888
0, 8.454217, 14.835951, -14.618746, 0.675687
0, 5.657639, 13.652131, -11.002533, 0.194546
0, 6.299794, 12.669478, -13.864876, 0.444478
0, 6.664141, 18.563105, -14.041079, 0.572067
0, 7.830104, 14.112482, -16.033464, 0.725268
0, 9.539195, 17.379322, -13.077705, 0.345278
0, 6.132783, 16.038399, -14.952730, 0.622574
0, 6.965863, 19.460243, -14.106869, 0.592759
0, 5.887933, 18.705344, -14.152413, 0.565211
0, 7.634364, 16.940578, -11.305842, 0.502886
0, 7.154122, 13.601746, -15.115965, 0.607536
0, 7.955000, 16.258947, -13.555356, 0.594379
0, 5.852008, 17.706556, -16.382634, 0.603987
0, 7.194268, 14.950478, -16.482680, 0.693886
0, 7.837219, 17.436739, -10.901562, 0.442468
0, 4.835127, 15.881957, -13.409855, 0.395617
0, 5.157751, 14.578214, -10.547209, 0.200147
0, 5.610898, 14.184166, -14.707204, 0.547284
0, 5.482511, 14.321755, -11.068672, 0.335588
0, 9.107642, 16.604255, -11.840322, 0.301051
0, 7.284140, 16.813045, -14.722633, 0.569475
0, 7.232169, 17.911674, -10.092585, 0.503869
0, 6.178709, 16.214450, -11.978233, 0.451588
0, 7.387156, 17.974408, -11.214604, 0.530982
0, 8.189011, 13.919004, -14.686712, 0.470266
0, 7.229506, 14.189170, -13.983480, 0.631484
0, 8.545111, 16.730010, -13.965830, 0.537279
0, 8.576820, 13.448152, -16.477418, 0.668040
0, 6.375250, 13.357321, -16.002795, 0.583142
0, 7.401874, 16.856765, -12.864030, 0.443902
0, 6.742813, 11.856341, -15.015599, 0.533678
0, 5.366798, 16.512002, -10.604214, 0.526520
0, 6.009721, 13.622314, -12.747445, 0.480264
0, 7.404424, 15.058632, -17.173964, 0.594176
0, 6.686923, 17.895449, -13.101150, 0.459260
0, 8.907016, 14.067909, -14.092250, 0.420932
0, 6.956228, 16.883886, -11.326459, 0.401368
0, 6.800188, 15.797881, -10.114321, 0.378164
0, 4.501195, 14.289205, -11.430236, 0.280124
0, 5.275318, 17.122763, -11.953086, 0.514075
0, 8.402730, 16.426582, -11.120868, 0.424682
0, 7.457190, 15.107899, -15.652834, 0.665015
0, 4.339231, 13.423888, -12.184950, 0.339138
0, 5.508034, 16.274505, -12.097596, 0.565949
0, 6.185431, 17.806030, -14.008186, 0.516215
0, 6.998835, 11.741315, -16.351133, 0.717675
0, 8.255600, 14.113565, -13.243416, 0.583067
0, 6.521403, 14.381777, -16.513449, 0.690689
0, 7.783316, 18.465826, -10.204543, 0.179947
0, 8.813437, 14.308615, -15.112686, 0.529701
0, 6.234195, 12.059260, -14.348807, 0.423493
0, 5.142079, 16.601499, -11.328430, 0.513377
0, 9.219963, 15.208685, -14.979166, 0.579761
0, 4.391029, 14.962181, -11.330330, 0.233029
0, 8.154888, 15.631719, -15.460044, 0.547073
0, 6.315910, 16.827085, -14.908983, 0.462276
0, 4.795083, 16.722005, -13.294964, 0.335857
0, 6.041733, 16.261856, -10.544777, 0.421565
0, 8.013187, 14.180808, -15.343749, 0.515152
0, 5.997784, 17.122136, -15.965293, 0.574101
0, 6.189317, 17.644275, -9.637437, 0.398910
0, 9.024664, 15.410351, -12.544742, 0.343514
0, 7.681510, 18.825874, -10.748038, 0.299867
0, 8.004710, 17.196670, -10.248254, 0.305833
0, 6.823655, 12.702318, -16.807662, 0.675408
0, 8.637427, 17.864363, -13.669824, 0.827204
0, 9.604970, 15.368948, -14.327737, 0.310076
0, 9.185590, 17.056435, -13.887283, 0.549253
0, 6.698724, 17.061082, -16.335918, 0.601973
0, 8.729363, 13.087761, -15.169211, 0.249391
0, 8.641873, 17.726455, -10.947297, 0.235432
0, 9.693920, 15.802379, -15.095485, 0.538398
0, 6.684604, 13.494787, -17.269428, 0.677259
0, 8.533667, 14.711808, -15.922891, 0.753106
0, 8.136143, 14.492174, -17.256742, 0.687388
0, 8.523449, 17.553611, -12.712559, 0.567833
0, 5.445592, 16.109804, -17.318864, 0.537831
0, 9.610710, 15.244091, -15.937962, 0.627966
0, 5.178607, 15.472352, -11.742258, 0.474503
0, 7.473517, 11.606547, -15.529373, 0.330026
0, 6.698712, 14.497553, -17.735822, 0.768361
0, 7.006944, 18.512821, -10.865140, 0.420943
0, 5.721982, 17.419585, -11.020184, 0.452628
0, 6.459885, 18.517766, -15.051807, 0.649339
0, 8.766779, 17.367673, -11.635176, 0.513930
0, 7.136729, 13.397022, -16.259875, 0.746789
0, 7.243443, 17.615636, -12.653633, 0.437984
0, 5.758671, 18.127654, -15.302724, 0.566915
0, 6.686971, 14.466839, -15.063166, 0.422742
0, 5.841173, 15.950196, -13.193688, 0.486472
0, 5.796308, 17.654274, -13.256835, 0.407025
0, 7.263048, 15.932877, -16.957833, 0.645213
0, 5.110925, 17.367458, -11.292109, 0.403326
0, 9.446450, 15.617535, -13.509007, 0.354710
0, 7.842978, 13.014516, -16.771685, 0.587004
0, 5.606407, 16.629353, -15.370312, 0.552477
0, 8.281388, 17.220969, -12.123651, 0.517929
0, 6.209472, 15.048986, -13.555822, 0.523137
0, 7.254222, 17.514154, -14.208092, 0.574738
0, 4.663103, 15.214413, -12.958636, 0.348032
0, 6.335833, 15.750469, -11.363866, 0.463137
0, 4.905597, 11.834638, -13.666738, 0.317868
0, 5.809729, 11.422222, -14.149865, 0.252889
0, 8.589242, 18.220305, -12.553844, 0.476914
0, 5.957558, 16.585985, -9.553275, 0.486832
0, 6.752485, 17.087791, -12.912911, 0.447837
0, 6.053208, 18.340069, -13.259224, 0.480798
0, 8.461363, 15.867313, -14.670526, 0.505923
0, 7.873559, 17.106757, -13.450723, 0.617768
0, 6.094403, 16.472633, -11.244422, 0.463951
0, 6.439461, 11.367596, -15.664467, 0.402349
0, 6.052681, 16.250606, -16.698584, 0.731541
0, 8.140783, 18.486703, -13.022584, 0.634591
0, 6.417072, 19.295372, -15.139259, 0.612688
0, 8.502427, 16.569393, -15.496565, 0.684531
0, 7.585520, 17.652075, -11.997122, 0.474353
0, 7.912272, 12.638394, -14.155885, 0.302732
0, 5.008687, 17.556373, -15.137401, 0.309990
0, 5.595997, 18.257176, -11.099223, 0.478751
0, 5.373501, 17.280897, -9.853552, 0.507300
0, 5.036189, 15.173189, -15.485614, 0.450873
0, 6.030625, 12.226651, -15.030772, 0.488526
0, 8.178065, 16.560729, -14.570917, 0.562133
0, 8.568833, 15.807828, -16.259245, 0.618570
0, 7.507738, 18.797116, -14.636491, 0.629068
0, 7.709862, 13.835053, -16.869070, 0.634386
0, 6.706980, 17.326981, -9.209562, 0.264363
0, 8.308195, 18.066141, -11.623778, 0.612223
0, 6.955767, 17.852420, -15.001679, 0.585801
0, 8.333084, 18.451574, -10.896430, 0.292609
0, 9.480460, 14.234370, -15.523270, 0.354223
0, 8.035876, 12.746584, -17.577398, 0.684423
0, 9.209996, 17.618683, -12.428599, 0.377484
0, 8.062224, 17.154654, -15.193638, 0.602396
0, 7.651856, 18.689011, -12.023663, 0.483261
0, 9.942446, 16.913946, -15.827811, 0.512429
0, 4.821605, 16.794320, -9.948028, 0.249085
0, 5.081969, 14.915674, -16.399533, 0.420327
0, 6.110794, 16.961395, -10.630041, 0.450470
0, 7.456590, 15.941362, -15.462417, 0.546547
0, 6.431806, 19.302387, -16.019861, 0.553786
0, 9.133731, 17.218416, -15.783953, 0.810904
0, 7.536711, 16.846837, -12.156972, 0.460449
0, 9.031654, 13.472755, -15.730502, 0.420822
0, 5.826510, 19.019117, -16.928666, 0.553859
0, 8.252157, 12.376680, -16.755754, 0.551716
0, 6.141589, 17.999160, -11.869772, 0.517229
0, 5.424892, 18.800902, -13.484806, 0.434600
0, 5.560497, 13.079494, -16.285861, 0.309680
0, 8.347971, 18.823110, -12.019676, 0.518595
0, 5.497993, 18.367746, -9.674514, 0.287677
0, 6.804877, 17.729913, -15.795039, 0.677606
0, 6.294841, 18.843756, -12.711937, 0.439640
0, 9.298939, 16.566681, -14.565054, 0.540355
0, 5.889551, 17.273761, -17.267835, 0.641508
0, 7.525016, 15.145665, -14.214401, 0.478687
0, 5.020869, 13.241484, -13.413779, 0.425036
0, 4.943164, 15.754644, -15.972509, 0.383427
0, 7.850517, 17.405627, -16.066168, 0.624674
0, 7.195655, 14.324823, -17.165612, 0.629898
0, 6.393790, 17.525187, -12.457599, 0.418520
0, 7.885269, 18.855102, -13.968881, 0.673002
0, 6.906455, 19.088163, -17.148493, 0.732442
0, 9.300650, 16.040689, -16.263023, 0.693373
0, 5.286816, 16.813800, -9.342073, 0.229063
0, 8.820814, 15.443060, -15.663817, 0.521971
0, 7.821009, 15.692671, -16.401503, 0.673061
0, 4.516638, 14.261679, -12.300239, 0.363342
0, 6.542587, 15.047526, -16.913055, 0.559419
0, 7.817834, 19.301111, -12.655242, 0.511586
0, 5.321088, 18.171571, -11.886533, 0.450402
0, 8.262686, 14.733189, -18.014948, 0.595745
0, 8.540567, 16.993057, -10.735502, 0.218721
0, 8.052757, 17.594381, -14.354404, 0.696537
0, 6.191397, 17.943145, -11.095881, 0.462179
0, 7.715816, 18.830267, -17.846133, 0.703940
0, 5.698170, 17.568745, -9.168287, 0.386924
0, 5.708135, 19.263972, -15.421222, 0.350241
0, 8.996952, 16.967223, -12.537360, 0.390444
0, 6.726901, 16.844385, -14.269754, 0.416080
0, 7.699806, 19.610078, -14.623304, 0.504746
0, 6.012874, 18.704187, -11.490200, 0.488077
0, 5.101067, 17.728598, -15.861940, 0.294077
0, 8.560875, 12.898214, -15.893262, 0.460456
0, 6.980109, 16.162013, -14.643069, 0.477343
0, 7.910728, 16.326400, -17.033140, 0.743234
0, 8.785798, 17.187205, -14.910066, 0.666904
0, 7.062541, 18.484433, -11.533357, 0.463398
0, 6.699793, 16.882178, -15.560117, 0.608349
0, 5.007111, 16.909948, -15.971186, 0.277473
0, 9.608152, 18.018745, -14.137814, 0.356907
0, 8.335995, 13.570530, -17.499529, 0.587843
0, 7.005043, 15.361026, -18.549099, 0.455570
0, 6.306852, 17.643855, -14.687713, 0.523446
0, 10.092396, 15.672391, -16.265310, 0.411723
0, 8.479117, 18.151997, -14.581006, 0.670797
0, 5.654350, 14.803927, -17.098074, 0.548134
0, 6.913854, 17.962840, -9.368433, 0.186099
0, 5.446671, 17.607659, -17.830161, 0.442434
0, 9.046270, 18.581703, -12.968972, 0.318238
0, 8.389346, 15.289912, -17.321002, 0.710997
0, 9.678391, 17.375590, -14.906612, 0.491769
0, 7.028096, 15.187823, -15.033837, 0.583725
0, 8.907108, 14.267822, -16.503191, 0.676615
0, 6.104121, 18.458096, -16.004979, 0.672035
0, 8.835155, 14.142194, -17.528064, 0.611595
0, 6.732711, 19.137779, -11.747651, 0.503396
0, 7.044890, 18.158386, -12.232292, 0.493759
0, 7.631923, 13.391849, -17.775479, 0.806588
0, 8.250761, 19.505652, -13.432952, 0.408069
0, 5.931023, 15.344695, -16.591018, 0.618744
0, 8.455165, 19.097260, -12.884905, 0.367874
0, 8.992121, 18.133139, -15.409130, 0.761842
0, 7.167849, 19.364647, -16.300352, 0.625270
0, 8.232732, 11.842970, -17.265513, 0.332730
0, 7.874402, 18.220151, -15.395067, 0.824590
0, 8.043152, 12.007531, -16.038750, 0.415399
0, 7.732305, 19.860452, -13.912800, 0.442355
0, 10.122002, 17.544130, -16.727841, 0.485724
0, 7.604820, 16.584422, -15.797401, 0.618210
0, 9.821761, 16.620799, -15.127404, 0.431963
0, 8.959830, 16.575098, -16.744594, 0.788163
0, 7.375813, 12.147326, -17.033175, 0.712232
0, 6.238580, 15.703303, -18.103954, 0.546670
0, 6.897079, 17.072102, -12.018836, 0.484718
0, 5.338466, 16.914841, -16.715642, 0.542200
0, 6.150150, 19.490869, -13.770679, 0.537746
0, 7.093027, 15.972267, -16.164571, 0.643503
0, 9.028731, 15.428840, -18.086614, 0.708740
0, 5.992900, 18.101746, -17.346115, 0.707652
0, 9.609919, 15.209535, -17.027396, 0.762358
0, 6.960042, 12.443170, -13.491166, 0.315621
0, 5.299422, 18.444628, -14.801727, 0.366898
0, 7.175467, 18.758622, -15.510696, 0.631694
0, 6.610808, 17.217520, -9.911577, 0.395991
0, 7.615423, 19.240132, -11.457538, 0.353064
0, 6.873823, 19.886386, -12.835590, 0.209022
0, 7.117231, 19.122074, -12.726279, 0.507268
0, 7.581460, 19.389089, -15.372022, 0.584230
0, 6.979764, 18.581863, -13.397554, 0.582240
0, 5.703071, 19.311884, -14.658376, 0.383282
0, 7.232179, 14.594245, -18.510373, 0.439429
0, 6.997546, 18.317639, -16.418837, 0.681796
0, 9.887788, 18.092501, -15.727879, 0.408040
0, 5.510844, 18.568222, -10.510692, 0.363378
0, 6.719763, 17.001455, -17.097109, 0.606611
0, 7.457172, 16.121040, -17.941657, 0.594230
0, 7.852205, 18.151389, -12.401983, 0.463888
0, 6.785522, 14.854815, -12.314245, 0.375608
0, 6.150526, 17.480320, -18.567003, 0.616074
0, 8.645893, 17.789298, -16.259771, 0.724372
0, 9.303809, 19.198980, -15.674206, 0.530264
0, 6.807814, 20.051125, -15.613284, 0.493002
0, 5.270776, 18.083165, -16.611725, 0.375617
0, 5.987752, 16.454786, -17.740014, 0.680680
0, 8.951671, 18.923981, -13.582870, 0.400462
0, 6.172951, 15.647996, -17.216298, 0.607487
0, 6.480327, 17.408065, -11.362016, 0.417566
0, 5.917403, 17.513572, -10.278049, 0.517869
0, 7.945362, 14.021302, -18.281639, 0.642610
0, 6.535562, 18.452808, -10.308712, 0.463799
0, 6.412462, 18.127999, -18.255906, 0.612026
0, 6.665536, 19.861938, -13.490359, 0.275310
0, 8.774866, 14.084686, -18.282877, 0.575238
0, 8.606636, 18.747629, -16.455308, 0.698430
0, 6.631467, 17.939997, -17.010227, 0.636256
0, 9.759664, 15.926582, -18.008917, 0.637507
0, 6.144274, 15.735050, -9.740739, 0.239479
0, 7.330501, 20.231241, -14.555773, 0.333534
0, 6.920134, 19.278297, -11.123205, 0.267466
0, 8.434632, 19.719268, -14.729786, 0.446336
0, 7.939870, 18.885101, -15.788981, 0.729995
0, 9.221817, 19.261264, -14.924774, 0.339723
0, 6.124114, 16.560281, -13.038507, 0.447382
0, 8.701077, 17.455281, -17.435282, 0.764309
0, 9.293052, 16.471983, -17.518603, 0.825505
0, 8.267612, 13.174370, -14.609621, 0.379145
0, 6.718352, 17.319025, -17.908103, 0.691170
0, 7.557081, 17.590140, -16.714777, 0.625584
0, 5.212530, 17.407967, -12.925090, 0.439443
0, 5.928257, 18.852345, -12.145045, 0.354058
0, 7.322976, 17.274428, -19.092535, 0.470315
0, 6.480317, 19.896546, -14.670210, 0.489524
0, 9.559763, 16.393402, -18.845157, 0.462280
0, 5.538040, 18.015061, -14.186468, 0.535028
0, 7.174090, 19.291173, -13.385464, 0.524946
0, 7.370180, 16.805855, -16.596793, 0.526737
0, 6.278274, 19.550619, -12.988860, 0.324396
0, 5.182773, 18.028909, -13.366670, 0.438071
0, 8.426733, 18.956424, -14.497857, 0.555317
0, 8.215652, 16.502889, -17.965896, 0.827455
0, 8.699699, 18.256411, -17.048317, 0.582371
0, 9.061276, 13.458717, -17.901597, 0.554187
0, 7.261855, 19.706197, -12.229016, 0.262518
0, 9.267471, 13.519253, -16.736559, 0.474035
0, 5.328449, 18.644006, -12.394724, 0.298803
0, 9.233976, 17.723505, -16.821428, 0.684447
0, 4.788135, 17.576821, -12.415440, 0.308305
0, 9.700847, 13.919704, -17.872291, 0.387167
0, 7.816786, 19.828719, -16.359446, 0.635907
0, 6.656733, 16.452970, -18.632883, 0.581309
0, 6.429988, 18.208049, -12.505415, 0.378982
0, 6.238164, 18.303348, -9.448469, 0.277245
0, 9.717775, 14.413831, -16.345095, 0.385065
0, 7.653883, 17.381755, -17.596614, 0.697160
0, 9.867094, 16.715374, -16.595415, 0.682726
0, 7.747033, 19.064540, -17.021831, 0.619332
0, 7.725902, 18.462056, -16.571990, 0.683721
0, 9.556588, 18.002089, -17.445576, 0.731062
0, 10.334553, 16.211178, -17.273526, 0.378228
0, 9.086852, 18.634247, -14.448748, 0.461605
0, 5.678210, 19.350293, -12.613948, 0.195389
0, 8.330870, 13.285995, -18.456879, 0.562488
0, 10.278806, 16.882076, -17.612027, 0.510320
0, 9.416853, 14.483011, -14.683204, 0.232768
0, 7.858905, 17.560355, -18.321821, 0.683876
0, 6.339220, 19.637973, -16.983997, 0.451999
0, 8.845959, 15.107355, -16.683556, 0.663274
0, 4.640435, 15.241931, -14.156121, 0.226895
0, 9.627974, 19.028432, -16.989458, 0.477743
0, 9.271488, 18.484589, -16.151215, 0.673053
0, 7.220033, 18.485640, -18.413808, 0.710682
0, 7.097273, 18.994324, -10.326235, 0.181860
0, 7.027766, 19.761562, -18.586661, 0.567738
0, 9.116036, 12.796476, -17.421447, 0.466158
0, 9.641429, 13.330606, -18.401002, 0.289551
0, 8.727025, 12.189148, -18.223694, 0.512992
0, 5.107666, 15.420683, -17.061149, 0.288331
0, 7.917819, 19.997292, -18.660255, 0.354699
0, 7.867986, 15.741159, -18.804588, 0.438984
0, 9.859762, 16.208128, -14.116671, 0.256287
0, 4.822960, 17.930120, -11.495421, 0.298169
0, 10.118434, 14.154982, -18.627309, 0.200330
0, 7.056661, 18.503186, -9.811101, 0.205916
0, 6.298570, 19.455082, -12.263935, 0.287403
0, 7.264435, 18.240166, -14.193783, 0.551968
0, 8.147093, 19.829397, -15.516182, 0.682341
0, 6.921544, 18.098440, -17.680431, 0.682713
0, 8.792216, 16.908906, -18.520803, 0.667637
0, 9.115291, 15.786550, -17.267173, 0.665293
0, 8.894009, 18.697762, -17.958154, 0.605128
0, 7.443667, 16.779386, -18.409035, 0.613138
0, 7.824470, 19.871055, -17.250594, 0.607605
0, 7.919005, 15.463376, -18.046165, 0.659866
0, 5.290226, 16.842196, -17.873199, 0.325439
0, 8.089880, 17.877426, -10.493211, 0.296897
0, 8.072882, 18.039100, -17.623469, 0.674614
0, 8.183248, 17.864913, -18.987494, 0.588038
0, 9.536360, 14.671900, -17.992506, 0.612614
0, 9.651966, 15.465904, -18.707672, 0.434490
0, 8.410080, 19.434250, -17.787771, 0.619133
0, 8.850403, 19.864444, -16.346949, 0.483485
0, 8.707850, 16.008108, -18.775792, 0.542121
0, 9.750220, 16.608579, -13.555090, 0.228312
0, 9.291311, 17.430892, -18.149162, 0.716320
0, 8.899458, 19.715573, -17.163625, 0.445345
0, 9.353784, 18.238434, -19.066273, 0.496272
0, 8.104470, 16.530995, -18.889083, 0.455474
0, 4.655588, 16.812004, -12.142023, 0.296087
0, 6.783099, 18.162131, -19.069564, 0.497472
0, 8.056600, 17.053182, -16.671711, 0.650282
0, 6.900406, 16.564315, -17.696598, 0.620772
0, 6.410640, 19.087260, -18.476025, 0.733903
0, 7.850067, 18.908116, -18.584004, 0.746727
0, 9.098346, 14.816662, -18.656829, 0.449715
0, 5.392684, 18.631385, -15.754467, 0.281053
0, 9.586529, 18.957478, -18.474401, 0.357411
0, 10.275115, 15.157166, -17.834114, 0.343106
0, 7.962631, 14.935282, -18.778318, 0.379271
0, 9.804961, 17.204193, -14.212949, 0.246770
0, 7.299498, 17.271962, -15.375485, 0.493948
0, 9.679169, 18.658541, -17.784792, 0.478633
0, 9.508938, 18.267898, -14.894718, 0.405672
0, 7.188775, 20.096664, -16.932237, 0.432825
0, 8.679865, 19.420696, -14.024889, 0.316046
0, 6.718313, 19.808790, -17.723317, 0.505454
0, 5.669581, 18.787318, -18.173052, 0.369100
0, 6.945229, 15.426944, -17.664755, 0.612667
0, 10.258436, 17.653872, -18.153620, 0.469318
0, 5.543095, 16.939461, -13.352196, 0.443285
0, 9.155750, 19.042479, -19.141250, 0.320867
0, 8.842198, 13.647006, -14.649810, 0.272210
0, 9.063769, 17.407431, -19.038147, 0.368262
0, 6.369241, 19.405576, -19.257838, 0.274496
0, 9.801745, 14.387224, -17.280249, 0.459573
0, 8.419191, 19.484362, -19.212799, 0.438946
0, 8.656680, 19.169863, -18.517901, 0.569265
0, 7.792515, 12.048012, -17.846103, 0.397414
0, 6.225921, 19.104922, -17.668567, 0.605244
0, 9.520960, 18.102434, -13.412802, 0.274826
0, 4.520298, 17.204190, -10.968910, 0.234945
0, 7.125820, 18.904026, -19.371410, 0.418488
0, 5.504232, 18.062169, -18.478041, 0.330970
0, 5.723326, 19.305059, -16.184465, 0.278196
0, 9.906316, 17.103945, -18.807098, 0.515727
0, 5.381889, 18.904525, -11.758603, 0.179740
0, 8.668711, 17.864722, -18.261899, 0.646527
0, 10.320586, 16.368748, -18.268475, 0.494571
0, 6.007204, 18.755660, -10.069612, 0.211438
0, 9.250893, 19.506240, -17.937124, 0.310386
0, 6.325290, 19.008090, -10.678014, 0.332871
0, 6.339307, 19.998541, -16.201673, 0.281813
0, 10.271170, 14.963052, -18.559301, 0.255640
0, 7.413082, 20.310304, -15.996671, 0.299670
0, 8.547920, 18.511012, -19.177136, 0.405796
0, 10.157270, 17.827876, -18.965299, 0.305782
0, 7.338774, 19.882867, -19.309697, 0.306580
0, 7.499848, 19.980752, -18.009477, 0.471373
0, 8.634438, 18.965817, -17.250436, 0.536496
