0, 6.575416, 14.931521, -11.046903, 1.039063
0, 5.811773, 15.235872, -10.684477, 1.112604
0, 6.465828, 15.252885, -9.840168, 1.164386
0, 4.804779, 15.861814, -11.434613, 1.321322
0, 5.728223, 13.834976, -11.681308, 1.421017
0, 6.731728, 16.279379, -9.832812, 1.057138
0, 6.787348, 13.912576, -11.370533, 1.044698
0, 5.681250, 14.208970, -10.552167, 1.241581
0, 6.452270, 12.471979, -12.209514, 1.248350
0, 6.088564, 12.617259, -10.553006, 0.845168
0, 5.447724, 12.752298, -12.398185, 1.039641
0, 5.051849, 15.452877, -10.044994, 1.228338
0, 4.783735, 13.785167, -10.108410, 1.083014
0, 6.514946, 13.106203, -12.958396, 1.434577
0, 4.653577, 13.004123, -13.874812, 1.050653
0, 5.770097, 13.855347, -9.164257, 0.960116
0, 6.039609, 13.517072, -14.284161, 1.085304
0, 4.656438, 14.029009, -11.467344, 1.157548
0, 4.245418, 11.907557, -14.013933, 1.178928
0, 3.789181, 15.877038, -9.210094, 0.784348
0, 3.773374, 13.850436, -12.335493, 1.252830
0, 5.432299, 12.513783, -11.288500, 1.127712
0, 6.761647, 15.757796, -11.600523, 0.970183
0, 4.156537, 12.194039, -12.197486, 1.020563
0, 5.592473, 13.983246, -13.127488, 1.340176
0, 4.472146, 12.696943, -10.600015, 1.020063
0, 3.573250, 14.557757, -9.703978, 0.840018
0, 3.933622, 15.457470, -8.458395, 0.428595
0, 3.608473, 12.236065, -10.918941, 0.988606
0, 4.100876, 16.420656, -12.515236, 1.150998
0, 3.518525, 15.077823, -11.319327, 0.996035
0, 3.708592, 13.544340, -11.313064, 1.229075
0, 7.041190, 14.549998, -12.628045, 0.984687
0, 4.797214, 16.158158, -9.051331, 0.907871
0, 4.743568, 16.698253, -11.728703, 0.972371
0, 4.903312, 14.994470, -8.442336, 0.821903
0, 4.138239, 12.172704, -15.580146, 1.374957
0, 4.889996, 13.483103, -12.337273, 1.063739
0, 3.750461, 15.795820, -10.399471, 1.308286
0, 4.430973, 13.059079, -11.461118, 1.012472
0, 5.737610, 12.727644, -9.666967, 0.521084
0, 4.838995, 14.922847, -12.429042, 1.356723
0, 3.995496, 15.594565, -13.371983, 1.130645
0, 5.072770, 11.394425, -11.002887, 0.621921
0, 3.400057, 13.500118, -9.955525, 0.638724
0, 5.749552, 15.212397, -12.190133, 1.046479
0, 7.904218, 15.087938, -10.077799, 1.059914
0, 3.934290, 11.248036, -15.079101, 1.087743
0, 5.453404, 11.657229, -15.571479, 1.472330
0, 4.317251, 14.392124, -9.249842, 1.102033
0, 3.457421, 13.137842, -13.825067, 0.876894
0, 5.032693, 14.854394, -13.642590, 1.034604
0, 4.471725, 17.138215, -9.404458, 0.888837
0, 5.220707, 16.399628, -10.473708, 1.098907
0, 4.219980, 14.746827, -10.829559, 1.167696
0, 4.251962, 16.866497, -8.178545, 0.923298
0, 5.757348, 11.725743, -13.977265, 1.181700
0, 6.311377, 12.955394, -15.162707, 1.331799
0, 7.188232, 13.272716, -11.862019, 1.159567
0, 5.543569, 15.856669, -8.397864, 0.925678
0, 4.396513, 14.348128, -13.185248, 1.069497
0, 6.642129, 13.262450, -10.705852, 1.054658
0, 4.426074, 16.430129, -9.987179, 0.986790
0, 5.942805, 16.145526, -11.647806, 1.266670
0, 5.332616, 11.843426, -12.278369, 0.967198
0, 3.543798, 16.072886, -11.594979, 0.742732
0, 3.530027, 12.413314, -10.064227, 0.469112
0, 4.899114, 12.536381, -9.855674, 0.561999
0, 5.920274, 12.869200, -13.666911, 1.097392
0, 3.477354, 12.893811, -12.435512, 0.971145
0, 6.469509, 13.869532, -10.122579, 1.123307
0, 3.165099, 11.219490, -12.223349, 0.936242
0, 4.356968, 10.129450, -14.042763, 1.149563
0, 5.314101, 13.135600, -10.353272, 0.955564
0, 3.665770, 15.025578, -12.592499, 1.069210
0, 4.930161, 10.860685, -12.600862, 0.862160
0, 5.249245, 17.362182, -9.772139, 0.962014
0, 3.770285, 14.508816, -13.859168, 0.959822
0, 5.743281, 18.446447, -10.571482, 1.274186
0, 4.715118, 11.034983, -14.461544, 1.213544
0, 4.690916, 12.309818, -16.748881, 1.115623
0, 4.029755, 16.726167, -10.998297, 1.186268
0, 5.790274, 16.577280, -9.628280, 1.158150
0, 5.041791, 14.913849, -11.282213, 1.106059
0, 5.827643, 14.707376, -9.397682, 1.000181
0, 6.425646, 14.886580, -8.707210, 0.729449
0, 4.493223, 15.322638, -9.268906, 0.849194
0, 3.283267, 10.205538, -13.792265, 0.516016
0, 6.373837, 17.047895, -11.493523, 1.064479
0, 6.910769, 14.467867, -9.514550, 0.955868
0, 5.377161, 15.400533, -9.185030, 0.857306
0, 7.386777, 14.521018, -10.660653, 0.955398
0, 6.021944, 15.275916, -13.196384, 1.027356
0, 5.105500, 15.897784, -12.794446, 1.399681
0, 3.135338, 14.357918, -10.541906, 0.466477
0, 4.385376, 16.025614, -7.883437, 0.533943
0, 7.111462, 12.765566, -15.905118, 1.332321
0, 5.028565, 10.450711, -13.463397, 1.206426
0, 4.524995, 13.441021, -9.345270, 0.703105
0, 5.363692, 16.840768, -8.823403, 0.825627
0, 6.627434, 17.371935, -9.244677, 1.117230
0, 4.799867, 12.542828, -13.054798, 0.966191
0, 6.495623, 12.016792, -15.072417, 1.309953
0, 3.947635, 13.892661, -10.477322, 0.862505
0, 4.897013, 17.651076, -11.578387, 0.943841
0, 3.485118, 17.679052, -10.110344, 0.760028
0, 4.033341, 11.508647, -11.564834, 0.821519
0, 4.483256, 11.549310, -12.925200, 1.123374
0, 6.751197, 11.596081, -12.510383, 1.054463
0, 7.698802, 15.056317, -13.014808, 1.054906
0, 6.125517, 15.816195, -7.787680, 0.481533
0, 4.308004, 13.304614, -13.029301, 1.019178
0, 6.657781, 15.806262, -8.910819, 1.235470
0, 6.279943, 14.455045, -12.066390, 1.093667
0, 3.691980, 16.705911, -9.337154, 0.856430
0, 6.488813, 18.113721, -11.842568, 1.232620
0, 3.738568, 13.839680, -14.808114, 0.859663
0, 4.524544, 18.115228, -9.851913, 0.905249
0, 6.419550, 17.328921, -10.522033, 1.200417
0, 7.726766, 13.733959, -12.634813, 1.204428
0, 5.617031, 10.868801, -14.836807, 1.186614
0, 6.099885, 11.556344, -11.273402, 0.658948
0, 4.254049, 17.911376, -13.270159, 1.073752
0, 3.201998, 12.299057, -11.733688, 0.750101
0, 3.841257, 17.216629, -12.065181, 0.756981
0, 4.715844, 17.828063, -8.801769, 0.915557
0, 5.128757, 16.651900, -7.907228, 0.783352
0, 4.988658, 15.535301, -14.285340, 1.326569
0, 6.738330, 16.077120, -10.731692, 1.118219
0, 8.007252, 16.019172, -10.763973, 1.132952
0, 5.372483, 12.238414, -14.661390, 1.430102
0, 4.189309, 11.301899, -10.693167, 0.479003
0, 4.696280, 17.795824, -14.719623, 1.228328
0, 7.723925, 17.130898, -9.183140, 0.891974
0, 3.471159, 10.433905, -12.713148, 1.040221
0, 4.620854, 18.568232, -10.823377, 0.908642
0, 5.150021, 17.032954, -13.019814, 1.241535
0, 3.876306, 17.846552, -11.102280, 0.959739
0, 4.710050, 17.675099, -10.552923, 0.973253
0, 8.370963, 14.575953, -12.606597, 1.083769
0, 5.631320, 18.534703, -15.580972, 1.420300
0, 5.810570, 17.487804, -7.091587, 0.509987
0, 4.984387, 17.818585, -7.582493, 0.806317
0, 7.555058, 13.552743, -13.895880, 1.334831
0, 6.008366, 11.697267, -16.320689, 1.229320
0, 8.416325, 14.134484, -11.583030, 0.994916
0, 5.776672, 16.611206, -7.308398, 0.431813
0, 6.138399, 17.977705, -7.779249, 0.811194
0, 8.070797, 16.779873, -13.189118, 1.115232
0, 3.785513, 18.099930, -12.508535, 0.498926
0, 6.062120, 16.638670, -8.347508, 0.904639
0, 4.647429, 18.873491, -12.523363, 1.114739
0, 4.810521, 13.275567, -15.741962, 1.281898
0, 7.560680, 12.638809, -12.445395, 1.124639
0, 8.232366, 14.829341, -10.951237, 0.973909
0, 4.137086, 18.929352, -9.823472, 0.533603
0, 5.719883, 18.010982, -12.752958, 1.200429
0, 6.788021, 18.276182, -10.184239, 1.119090
0, 7.691898, 16.237266, -8.685777, 0.717258
0, 5.368078, 19.650218, -12.815204, 1.235297
0, 5.945819, 10.151396, -16.311726, 1.586210
0, 8.251599, 16.845979, -9.931931, 1.025601
0, 5.023738, 17.164733, -7.060942, 0.501888
0, 3.592094, 17.785327, -8.627642, 0.510764
0, 5.642043, 13.332217, -16.270328, 1.368860
0, 5.550258, 19.199617, -12.031938, 1.074010
0, 3.220126, 12.226379, -13.514823, 0.584306
0, 7.543432, 13.401109, -10.437544, 0.628883
0, 4.276619, 17.898099, -8.055217, 0.613205
0, 3.790141, 13.358860, -15.735466, 0.819248
0, 5.570743, 17.064071, -10.911837, 1.074075
0, 6.593938, 16.496207, -13.101478, 1.287303
0, 8.854552, 17.394903, -10.389091, 1.028376
0, 4.795114, 11.216550, -16.418005, 1.069501
0, 7.042831, 16.999578, -8.389643, 1.024627
0, 7.322499, 16.958433, -10.001910, 0.933128
0, 8.202324, 15.663328, -12.259969, 1.321293
0, 4.435190, 17.135086, -14.117208, 1.050018
0, 7.091637, 17.810069, -11.295815, 1.177304
0, 6.979560, 12.746897, -17.489681, 1.266309
0, 4.642881, 14.092084, -16.639986, 1.292475
0, 5.910377, 16.913187, -14.209066, 1.162320
0, 5.501399, 17.404993, -8.173669, 0.818748
0, 4.706916, 14.192595, -15.458677, 1.470660
0, 6.651797, 17.134382, -7.604380, 0.768732
0, 6.295335, 14.282597, -13.862609, 1.105595
0, 7.764368, 17.823352, -9.885211, 1.252136
0, 3.488707, 11.131677, -13.990565, 0.804939
0, 5.466509, 17.136190, -12.133202, 1.098806
0, 6.234263, 18.763816, -9.692358, 0.962029
0, 5.547612, 18.196452, -9.460632, 1.073646
0, 4.685915, 17.918593, -12.415166, 0.962897
0, 6.143233, 13.968350, -15.547966, 1.439786
0, 4.853009, 13.409206, -14.708950, 1.135817
0, 6.583355, 15.320388, -12.501370, 0.871102
0, 4.686855, 12.088294, -11.469035, 0.802638
0, 5.050369, 17.077888, -15.646012, 1.339609
0, 4.760542, 19.471463, -14.603760, 1.153013
0, 3.753652, 14.741694, -14.997574, 0.768780
0, 5.033905, 18.650287, -13.712632, 1.259003
0, 6.351487, 19.439292, -10.820667, 1.288293
0, 7.465839, 15.280778, -11.223593, 0.911005
0, 7.420942, 16.648815, -10.935883, 1.006185
0, 8.848314, 12.777722, -15.356162, 1.209723
0, 7.957914, 12.856378, -11.639469, 0.652414
0, 6.538163, 10.893788, -16.611940, 1.056988
0, 6.020311, 15.180526, -14.128510, 1.093193
0, 4.789911, 14.479221, -14.508210, 1.230475
0, 6.169206, 10.185482, -13.945578, 0.976260
0, 6.914251, 9.659968, -16.500939, 0.865230
0, 7.692646, 18.718907, -9.178935, 0.929894
0, 4.691613, 18.629263, -8.230767, 0.803886
0, 6.984451, 18.772326, -8.600475, 0.866452
0, 7.307519, 12.354336, -13.789641, 1.370898
0, 5.206776, 17.189854, -16.829174, 1.278680
0, 5.966244, 11.219904, -12.650033, 0.931514
0, 6.518306, 10.994132, -13.639697, 1.195179
0, 9.133349, 15.502325, -11.174834, 1.082063
0, 8.464596, 14.558578, -13.686606, 1.427200
0, 7.834848, 11.420441, -13.896547, 0.933272
0, 7.343673, 13.952367, -15.396702, 1.105748
0, 8.147358, 14.046105, -10.465956, 0.463802
0, 8.391466, 12.880372, -12.815561, 1.092032
0, 4.599684, 10.839423, -11.759924, 0.882725
0, 3.347395, 11.301549, -11.059773, 0.625103
0, 6.082392, 17.970722, -15.007719, 1.328605
0, 7.429064, 18.713332, -14.398637, 1.405554
0, 7.210865, 17.150155, -12.085609, 1.043674
0, 8.779713, 12.426159, -14.007023, 1.320382
0, 6.359242, 17.458014, -16.090677, 1.474118
0, 7.132014, 14.638540, -14.367496, 1.302564
0, 6.555859, 18.631777, -12.988302, 1.233309
0, 7.621423, 14.635081, -11.813584, 1.054701
0, 7.726951, 13.935328, -16.450545, 1.310976
0, 4.603147, 10.034335, -12.748494, 0.552990
0, 5.125808, 19.469736, -10.746735, 1.070561
0, 8.022487, 16.523957, -11.541096, 0.982651
0, 4.144195, 12.664333, -14.622028, 1.122535
0, 4.362086, 15.705959, -15.341994, 1.620451
0, 4.962782, 19.134873, -9.630755, 1.082274
0, 6.960199, 13.431147, -14.595831, 1.080730
0, 7.787810, 15.769901, -9.406678, 1.133726
0, 7.066510, 16.713011, -15.166379, 1.304287
0, 7.606646, 15.740273, -14.947068, 1.425218
0, 4.750182, 9.581790, -14.848829, 0.761774
0, 7.193779, 18.970511, -12.028744, 1.115022
0, 6.552139, 10.627691, -15.155429, 1.233096
0, 4.424116, 16.128528, -16.671633, 1.392174
0, 6.581580, 17.515763, -12.665282, 1.034560
0, 4.965664, 20.267446, -13.714004, 0.814316
0, 6.250744, 17.619182, -13.646830, 1.228737
0, 9.569481, 16.004714, -11.918264, 1.107587
0, 7.461989, 18.097994, -8.268333, 0.861714
0, 4.147559, 13.167000, -16.738031, 0.788977
0, 5.509610, 9.645399, -14.292780, 0.712640
0, 5.577871, 15.777878, -17.869356, 1.556129
0, 6.275407, 18.093350, -8.705257, 0.941828
0, 9.354863, 15.188459, -12.363946, 1.072449
0, 8.906904, 18.768381, -10.165819, 1.014591
0, 5.228880, 13.847996, -13.932909, 0.939303
0, 5.563885, 18.538163, -8.076449, 0.866253
0, 6.388972, 13.980815, -16.514804, 1.647690
0, 5.962806, 10.361438, -13.007497, 0.593441
0, 4.866199, 10.523039, -15.335516, 1.283193
0, 5.743855, 12.578073, -17.092511, 1.211021
0, 6.969471, 16.228700, -14.196929, 1.340928
0, 8.500865, 17.677264, -8.916824, 0.558153
0, 3.976432, 17.063039, -13.274512, 0.772309
0, 8.729956, 17.024261, -11.452578, 0.910076
0, 8.650176, 14.958408, -15.145945, 1.332638
0, 5.332711, 13.676023, -17.165183, 1.226173
0, 7.845848, 12.012950, -15.443597, 1.078477
0, 8.740593, 13.334981, -11.977499, 0.513204
0, 6.499101, 17.849542, -17.234185, 1.310042
0, 4.504131, 14.180136, -17.603221, 0.860581
0, 5.834077, 15.026860, -15.566707, 1.676239
0, 6.175937, 19.649753, -8.175409, 0.532125
0, 6.750988, 12.101111, -11.054728, 0.689332
0, 7.143597, 16.071902, -12.522877, 1.120610
0, 9.241959, 14.475370, -11.598750, 0.612270
0, 7.734202, 11.098194, -15.326333, 1.118429
0, 7.650711, 11.579636, -16.518778, 0.946195
0, 7.693043, 12.910099, -16.836730, 1.224056
0, 4.983954, 18.900933, -7.430411, 0.344653
0, 8.428161, 13.715430, -17.351323, 1.316302
0, 7.376097, 18.036046, -12.600631, 1.012696
0, 6.396790, 20.413457, -11.767487, 1.326988
0, 7.763698, 12.969194, -14.623131, 1.190475
0, 5.457671, 11.842469, -10.368629, 0.511877
0, 8.395025, 17.931343, -12.796517, 0.978088
0, 6.128473, 15.943436, -15.027920, 1.219239
0, 6.601479, 15.174379, -14.902575, 1.110384
0, 4.658639, 19.118136, -11.606200, 0.924041
0, 5.587807, 10.777920, -11.915836, 0.464307
0, 4.851854, 19.868288, -12.053572, 0.933735
0, 8.297030, 18.343058, -13.664102, 1.356509
0, 8.810874, 16.455939, -12.590451, 1.103981
0, 6.144633, 13.667603, -17.932406, 1.749551
0, 5.943816, 19.106528, -8.841727, 0.873867
0, 8.448870, 17.940591, -14.961172, 1.103177
0, 6.936761, 11.361723, -14.474191, 1.118640
0, 6.337343, 12.013645, -17.733609, 1.017911
0, 5.342927, 19.774603, -8.898780, 0.520350
0, 8.309274, 17.734743, -11.114598, 1.261317
0, 7.682393, 12.805390, -18.884645, 1.598192
0, 5.900340, 18.889901, -13.574491, 1.194725
0, 7.376562, 17.654280, -15.474279, 1.388799
0, 5.385971, 15.274755, -16.764834, 1.811963
0, 4.840777, 9.636801, -15.763032, 0.595735
0, 8.082011, 15.953082, -13.628017, 1.324843
0, 7.473412, 10.543657, -17.044844, 1.219891
0, 8.972691, 15.525818, -13.256437, 1.321935
0, 4.004844, 17.172006, -15.527843, 0.721085
0, 5.992043, 9.905031, -15.248610, 1.344845
0, 4.698687, 18.717616, -16.080095, 1.157698
0, 7.696409, 19.025835, -13.411262, 1.441971
0, 6.060684, 20.710222, -12.800827, 1.125100
0, 7.036004, 14.714618, -15.942396, 1.204685
0, 8.511205, 12.702293, -17.300603, 1.260562
0, 7.282216, 17.728226, -14.186103, 1.489667
0, 9.404601, 16.633650, -10.951669, 0.942602
0, 5.540804, 20.280380, -10.832253, 0.885495
0, 7.044531, 9.887551, -18.114458, 0.614138
0, 7.405311, 10.451627, -14.325919, 0.709515
0, 6.627316, 19.984086, -12.986394, 1.242473
0, 7.756959, 11.588462, -12.924664, 0.672411
0, 7.348877, 17.501356, -18.171764, 1.298875
0, 7.630938, 18.090063, -16.802008, 1.200298
0, 7.949452, 18.326989, -11.951743, 1.087464
0, 6.653394, 19.714281, -9.153619, 0.862669
0, 5.435122, 17.756616, -18.261298, 1.378293
0, 6.316710, 18.890631, -14.680403, 1.380761
0, 3.675032, 9.692477, -14.455593, 0.435788
0, 8.091682, 16.944062, -12.324459, 0.938531
0, 5.202933, 18.159224, -17.016793, 1.354885
0, 7.979928, 18.336899, -17.659655, 1.332173
0, 5.383977, 18.489046, -11.461702, 1.060339
0, 9.200479, 17.265137, -13.072655, 1.237922
0, 8.456996, 14.807262, -16.591077, 1.236518
0, 4.127606, 18.619194, -9.027167, 0.648025
0, 4.424011, 19.547793, -13.475352, 0.635932
0, 5.670398, 18.481249, -7.258226, 0.484936
0, 6.498317, 20.268520, -9.838420, 0.613769
0, 8.960591, 18.902281, -17.517043, 1.702129
0, 7.963235, 19.467820, -9.785831, 0.942964
0, 6.671544, 14.995962, -17.054659, 1.563601
0, 7.040009, 19.370857, -15.886057, 1.258062
0, 9.073975, 13.671422, -15.847850, 1.585424
0, 7.046789, 19.992902, -10.744256, 1.031345
0, 8.441086, 18.867140, -11.169741, 1.236372
0, 6.837708, 21.008313, -13.170200, 0.973728
0, 8.348523, 17.071529, -14.459104, 1.592911
0, 9.150059, 17.823391, -11.986860, 1.297371
0, 5.154660, 16.585102, -13.835422, 1.039509
0, 8.635507, 15.587672, -14.473954, 1.300988
0, 6.034962, 20.754113, -14.185536, 1.218122
0, 10.104308, 15.056506, -13.806273, 1.234938
0, 6.051594, 18.362834, -16.409046, 1.207037
0, 3.471781, 11.875394, -14.600481, 0.485287
0, 9.495812, 14.217393, -16.524362, 1.067241
0, 4.262679, 17.519743, -16.853865, 0.810420
0, 5.466067, 16.633015, -18.352431, 1.290101
0, 5.670879, 16.712868, -19.650674, 1.368290
0, 7.435755, 13.729512, -17.916525, 1.694860
0, 4.080742, 14.937101, -16.743889, 1.204430
0, 8.102286, 14.206874, -14.904361, 1.356745
0, 6.874019, 15.720791, -13.446130, 1.004237
0, 8.255687, 10.220195, -17.977421, 1.146525
0, 9.848693, 19.687593, -16.725975, 1.360587
0, 5.596430, 19.890891, -9.775626, 0.811652
0, 6.847560, 21.243845, -14.127514, 0.902424
0, 10.519015, 15.604631, -16.585456, 1.052618
0, 7.176011, 14.280766, -13.517653, 1.017696
0, 6.393034, 12.509241, -18.630651, 1.133070
0, 3.716520, 15.388887, -14.224200, 0.592169
0, 8.956393, 13.725219, -13.059375, 1.190260
0, 6.443492, 19.367496, -12.261268, 1.010378
0, 10.600830, 18.075836, -16.493596, 1.070815
0, 6.385799, 16.233380, -18.987906, 1.446383
0, 7.659410, 19.923026, -15.135933, 1.007032
0, 7.433748, 18.924947, -10.873109, 1.319695
0, 5.715201, 11.246389, -17.511049, 0.746699
0, 5.569642, 18.012151, -14.124348, 1.151592
0, 7.857375, 20.072301, -12.512848, 1.397545
0, 6.782816, 18.767612, -7.669214, 0.555884
0, 9.001805, 13.991746, -14.338561, 1.416765
0, 7.024342, 11.147565, -18.396430, 0.989700
0, 5.196396, 12.881001, -17.816973, 0.767712
0, 6.960868, 19.288878, -10.138512, 0.881761
0, 6.103822, 16.853461, -15.248358, 1.158216
0, 6.022226, 20.892882, -15.651034, 1.458612
0, 8.071017, 20.739821, -13.952229, 1.432201
0, 9.572838, 18.053866, -10.628910, 0.937931
0, 9.565047, 12.412862, -15.821779, 0.664016
0, 9.505623, 16.031146, -14.576346, 1.275228
0, 6.490944, 18.787933, -17.428836, 1.146763
0, 3.754106, 16.352100, -14.118117, 0.630869
0, 8.042820, 12.106478, -14.486189, 1.019276
0, 9.656390, 13.788998, -13.630414, 0.835141
0, 7.911814, 16.314219, -15.693053, 1.111687
0, 9.402945, 19.375728, -11.753048, 0.808845
0, 6.908749, 16.768734, -17.090122, 1.357414
0, 7.735421, 15.323024, -16.177048, 1.120608
0, 8.651101, 11.478132, -15.307378, 0.843732
0, 8.359014, 18.893931, -15.158069, 1.120817
0, 7.128667, 19.840928, -11.740075, 1.035311
0, 7.995897, 15.238367, -17.845029, 1.438582
0, 5.559871, 12.078020, -13.157698, 0.917441
0, 7.691348, 11.268168, -19.104808, 1.304634
0, 7.604100, 19.582336, -8.844579, 0.443485
0, 5.381820, 14.434466, -18.162046, 1.623379
0, 9.760170, 14.886160, -14.681410, 1.332528
0, 9.014473, 15.967487, -10.266698, 0.783064
0, 7.700302, 14.425664, -18.936685, 1.443599
0, 8.564171, 20.130200, -11.360848, 0.734311
0, 7.119289, 11.615341, -17.298989, 0.999347
0, 9.257051, 16.682904, -13.857585, 1.330786
0, 9.626436, 14.287063, -18.277367, 1.158941
0, 8.977700, 19.354139, -14.433293, 1.238476
0, 8.403877, 12.168833, -18.094624, 1.403102
0, 8.413011, 11.137392, -16.152792, 0.937482
0, 5.825421, 16.259908, -16.736528, 1.393968
0, 6.469758, 13.711039, -19.305514, 1.504408
0, 9.042642, 20.009404, -12.278655, 0.765667
0, 6.085447, 19.828485, -14.125369, 1.182639
0, 9.070668, 16.824751, -9.573693, 0.470038
0, 9.982853, 16.508156, -15.197113, 1.012805
0, 6.606590, 12.272114, -16.761563, 1.040645
0, 5.243315, 19.640054, -16.329751, 1.424741
0, 4.243947, 18.083446, -15.482183, 0.718567
0, 9.876822, 18.682509, -13.150000, 1.080915
0, 8.751454, 19.829301, -13.505553, 1.433951
0, 7.019733, 16.104179, -17.992519, 1.590960
0, 9.529369, 17.827772, -16.096011, 1.436933
0, 5.221475, 16.176447, -15.806054, 1.275837
0, 8.205497, 11.400056, -17.280999, 1.207077
0, 9.332850, 18.026433, -14.511420, 1.368527
0, 10.111994, 15.873255, -13.123818, 1.275842
0, 7.372719, 20.147370, -9.747852, 0.432441
0, 5.578877, 18.999203, -17.688098, 1.378874
0, 9.079133, 18.008851, -9.526887, 0.468845
0, 7.789620, 20.769025, -15.892864, 1.128031
0, 8.688803, 20.414541, -16.241903, 1.166423
0, 7.826311, 17.584593, -13.487729, 1.066264
0, 4.393110, 17.545188, -17.851576, 0.781529
0, 7.334105, 10.696271, -16.097881, 0.986808
0, 8.169370, 15.904261, -16.781108, 1.373276
0, 6.090732, 17.000456, -17.496638, 1.292109
0, 4.738352, 15.222983, -17.992694, 1.385238
0, 7.944318, 9.867246, -18.936722, 0.594612
0, 6.775804, 15.877002, -16.232806, 1.602990
0, 7.926970, 13.227557, -15.701091, 1.126550
0, 4.555113, 19.174192, -17.303321, 0.697709
0, 7.390945, 12.065638, -18.262143, 1.170046
0, 8.478240, 19.343422, -12.072904, 1.102828
0, 7.021491, 20.085109, -13.947262, 1.175321
0, 9.967934, 17.302400, -14.524070, 1.094646
0, 9.913845, 14.644735, -15.656957, 1.031764
0, 9.932467, 19.037556, -15.778527, 1.289210
0, 10.453149, 17.446649, -15.291370, 1.202840
0, 4.772585, 16.511581, -14.867441, 1.180919
0, 4.188816, 19.311219, -10.699348, 0.411011
0, 8.494576, 21.188419, -16.906543, 1.209626
0, 4.111998, 18.604105, -14.695981, 0.643908
0, 6.664535, 17.661383, -18.831566, 1.727317
0, 6.763791, 18.673956, -18.547577, 1.429561
0, 7.707332, 16.917431, -16.442337, 1.401239
0, 5.709845, 18.821131, -18.691573, 1.502426
0, 10.332665, 13.717564, -15.675164, 0.538321
0, 6.594797, 10.730280, -17.652362, 0.863497
0, 9.666688, 12.629178, -17.276141, 1.141209
0, 8.502220, 12.224725, -16.418964, 1.203655
0, 9.724254, 16.085117, -16.186911, 1.061840
0, 8.329469, 18.789430, -16.687259, 1.275410
0, 6.007501, 16.129973, -13.675985, 0.955929
0, 4.549437, 16.543999, -17.514359, 1.114252
0, 10.535307, 18.565817, -14.587632, 0.803780
0, 4.353984, 16.463878, -18.493808, 0.779982
0, 5.036688, 20.188562, -17.425591, 0.872073
0, 8.519884, 17.278567, -17.434166, 1.620578
0, 9.382919, 18.219311, -18.214668, 1.536880
0, 5.405502, 15.354895, -19.202269, 1.353888
0, 8.824893, 12.255669, -19.144864, 1.759585
0, 9.924310, 17.035136, -16.989797, 1.654762
0, 9.932541, 13.809164, -14.698301, 0.850020
0, 10.148337, 16.830010, -12.424785, 0.907197
0, 8.482694, 20.806090, -12.722861, 0.759547
0, 7.634343, 21.288296, -14.924469, 1.021098
0, 8.805216, 17.039083, -15.501866, 1.408652
0, 10.381058, 17.645754, -13.025172, 0.653604
0, 7.872788, 19.633975, -14.133307, 1.075851
0, 6.850285, 11.557225, -15.888378, 0.997881
0, 9.783788, 18.692887, -16.664524, 1.432710
0, 6.810047, 14.887123, -18.053386, 1.528255
0, 6.420833, 12.137044, -13.533131, 1.017659
0, 7.862453, 19.553540, -17.634071, 1.189537
0, 7.075391, 20.983898, -12.149116, 0.685689
0, 8.498988, 20.278297, -15.024405, 1.076173
0, 6.101858, 19.705440, -15.584940, 1.420687
0, 6.939430, 21.344865, -17.247492, 1.079824
0, 5.796281, 20.209712, -18.301121, 1.469745
0, 9.940668, 12.770014, -19.229212, 1.695699
0, 9.859386, 18.595645, -12.239535, 0.818489
0, 8.365381, 13.712709, -18.628151, 1.515622
0, 10.212212, 15.571877, -15.544806, 1.086192
0, 9.000720, 14.165654, -20.118227, 1.042725
0, 9.077537, 18.662833, -12.680543, 1.209391
0, 9.989866, 11.554727, -19.554341, 1.067311
0, 11.158690, 16.452087, -16.884223, 0.709586
0, 10.601968, 16.866286, -13.781907, 0.775606
0, 10.699883, 16.172778, -14.711395, 0.902734
0, 8.480543, 19.669912, -10.551580, 0.801890
0, 7.490213, 13.918399, -19.751824, 1.492694
0, 6.515513, 14.902049, -20.040935, 1.014398
0, 9.413379, 11.891828, -16.648876, 0.780888
0, 6.499919, 9.591389, -17.363198, 0.478835
0, 9.632570, 20.249375, -14.729773, 0.662712
0, 10.844195, 15.086512, -17.334937, 0.900284
0, 6.321757, 19.435129, -16.673518, 1.279392
0, 9.958776, 16.569145, -18.027301, 1.817751
0, 10.334046, 13.964853, -16.848753, 0.938457
0, 5.672729, 17.735088, -19.612481, 1.334355
0, 9.582251, 17.045709, -11.698267, 1.022784
0, 6.721633, 16.455514, -20.246830, 1.019857
0, 9.391234, 11.565613, -18.422559, 1.326530
0, 8.813511, 10.721501, -19.793660, 1.044119
0, 5.666953, 21.138583, -16.519918, 0.775999
0, 7.308962, 19.523505, -19.584214, 1.524575
0, 10.385154, 18.354651, -18.200566, 1.410764
0, 9.384894, 19.685576, -15.427280, 1.276067
0, 9.801137, 15.308720, -17.212355, 1.498216
0, 10.355060, 15.113789, -18.688670, 1.582787
0, 9.732381, 19.678175, -13.412312, 0.760612
0, 6.551930, 20.431331, -17.084479, 1.517329
0, 10.461071, 13.871174, -18.760508, 1.319523
0, 8.776172, 21.266866, -15.510614, 0.797865
0, 8.906109, 16.624037, -16.667993, 1.420032
0, 8.169298, 17.372996, -19.630502, 1.519756
0, 7.254766, 17.283074, -20.369923, 1.391686
0, 11.115545, 15.880719, -17.889062, 1.261303
0, 9.222690, 15.200757, -16.057778, 1.117552
0, 10.190248, 14.674505, -20.067932, 1.167240
0, 8.153667, 19.480090, -15.865364, 1.094425
0, 6.645395, 15.284812, -18.917398, 1.558642
0, 8.472287, 21.278687, -17.897997, 0.878988
0, 11.343602, 15.190771, -20.287017, 0.416045
0, 10.033236, 13.072434, -16.324541, 0.718739
0, 6.925873, 19.696330, -18.186956, 1.437032
0, 8.863782, 17.253075, -18.346313, 1.504957
0, 7.255871, 18.453740, -15.957439, 1.274911
0, 8.821206, 16.039970, -15.715377, 1.131800
0, 3.587671, 11.501884, -13.104763, 0.993209
0, 4.917114, 18.151159, -19.081817, 1.000151
0, 8.331609, 15.548175, -18.964430, 1.397551
0, 10.223257, 16.016990, -19.302286, 1.329913
0, 9.530820, 17.741217, -19.670051, 1.521981
0, 7.260685, 21.643837, -15.844300, 0.690047
0, 10.096877, 19.927017, -17.634247, 1.109729
0, 9.751240, 14.426602, -12.634059, 0.656976
0, 10.764281, 14.862405, -15.937695, 0.670534
0, 6.688979, 18.490479, -20.236724, 1.847920
0, 4.529581, 18.821190, -18.352311, 0.698608
0, 7.744646, 15.575102, -20.271376, 1.236233
0, 4.642024, 19.693239, -15.587119, 0.703211
0, 7.687905, 18.210657, -18.776633, 1.380733
0, 9.631031, 12.745486, -14.885127, 0.669940
0, 9.045857, 15.595913, -17.875403, 1.676348
0, 10.866005, 18.552440, -17.289722, 0.818510
0, 8.308301, 19.516974, -19.881963, 1.457370
0, 6.039401, 20.732285, -19.656893, 1.044552
0, 6.903697, 20.670179, -15.210903, 1.202193
0, 7.371323, 9.837994, -15.521128, 0.671478
0, 8.856558, 13.216402, -19.642394, 1.497451
0, 9.469867, 13.647888, -17.299025, 1.058430
0, 8.583167, 18.588266, -9.061251, 0.491523
0, 9.656858, 13.704994, -19.355437, 1.187367
0, 7.889240, 16.520536, -17.895153, 1.380409
0, 11.033748, 16.343900, -15.965762, 0.526361
0, 8.837980, 20.275579, -17.184784, 1.157886
0, 9.023789, 14.541279, -17.593200, 1.121340
0, 10.386732, 13.165121, -17.648185, 0.752926
0, 4.855873, 17.216795, -18.826282, 1.083501
0, 8.484698, 18.039031, -15.949573, 1.255367
0, 8.958346, 20.802132, -14.418726, 0.757015
0, 10.004557, 17.008735, -19.004462, 1.260595
0, 10.327182, 13.635784, -20.190404, 0.713559
0, 9.905567, 19.325940, -14.558553, 0.929245
0, 9.001394, 16.408378, -19.230918, 1.678293
0, 9.844360, 15.903569, -20.195918, 1.069005
0, 9.346190, 15.194311, -19.395789, 1.305221
0, 11.038053, 15.319732, -19.361363, 1.231946
0, 5.225299, 20.351965, -14.642669, 1.035880
0, 5.764025, 19.051817, -20.665795, 0.873730
0, 10.356940, 16.962783, -16.173094, 1.067513
0, 11.095265, 17.601960, -17.141962, 0.749221
0, 7.941522, 17.343923, -8.241848, 0.402203
0, 10.978590, 13.382457, -19.412388, 0.688331
0, 10.475115, 19.557339, -18.518209, 1.097014
0, 8.004997, 19.893759, -16.698453, 1.231618
0, 7.866619, 20.292866, -19.036384, 1.363238
0, 10.851002, 18.018097, -20.408548, 1.323729
0, 10.717532, 17.448859, -18.368846, 1.630775
0, 10.328503, 18.191865, -19.196539, 1.320681
0, 7.284811, 19.018625, -16.903733, 1.089854
0, 7.352344, 16.140806, -19.476550, 1.438894
0, 4.859143, 19.381981, -19.973156, 0.719227
0, 7.133823, 18.074769, -9.139229, 0.780868
0, 9.186849, 18.600001, -15.455000, 1.093578
0, 8.692911, 10.941357, -18.852990, 1.417075
0, 9.067912, 21.175596, -18.790758, 0.658667
0, 8.359009, 17.220669, -20.661974, 0.915522
0, 9.087316, 11.101648, -17.436493, 0.872399
0, 7.726658, 20.770787, -11.455091, 0.538574
0, 8.530857, 18.498252, -19.839771, 1.529622
0, 10.284812, 19.022187, -20.000578, 1.856567
0, 10.395735, 16.901814, -20.012140, 1.318674
0, 9.605945, 19.724143, -20.605102, 1.461549
0, 9.118557, 18.340354, -20.804329, 1.024158
0, 9.535048, 13.073187, -18.253467, 1.473904
0, 6.200223, 19.673612, -19.703491, 1.615612
0, 7.797510, 12.621361, -19.931236, 1.066677
0, 9.211954, 19.853555, -18.821125, 1.777172
0, 6.973797, 20.931073, -16.388539, 1.219866
0, 8.505241, 10.446014, -16.828759, 0.633766
0, 8.796998, 14.757490, -18.638446, 1.133018
0, 6.584640, 20.288133, -20.415036, 1.688896
0, 9.811484, 19.043143, -19.107233, 1.428587
0, 6.811348, 19.714510, -14.779174, 0.957195
0, 6.993027, 21.243241, -19.534268, 1.144589
0, 9.324384, 20.605829, -17.920862, 0.998876
0, 7.593670, 14.750231, -17.034493, 1.134701
0, 7.693894, 18.798018, -20.758358, 1.353926
0, 10.529919, 14.290721, -17.804695, 1.099714
0, 8.349961, 14.885234, -19.723391, 1.298512
0, 11.325085, 16.795578, -19.525604, 1.102362
0, 7.808361, 19.229106, -18.539321, 1.393646
0, 9.831545, 17.728881, -13.745979, 1.096030
0, 7.301918, 21.373924, -18.183918, 1.124222
0, 8.316522, 21.028612, -19.499689, 1.264322
0, 11.376320, 17.850562, -19.590434, 0.778052
0, 7.724890, 20.098613, -20.466357, 1.494479
0, 4.974380, 19.764708, -19.060721, 0.835068
0, 7.935219, 20.342249, -10.669674, 0.466141
0, 6.600060, 20.549911, -18.713529, 1.448165
0, 5.033524, 18.304912, -20.069252, 0.832337
0, 8.724256, 16.155872, -20.461819, 1.016646
0, 7.718891, 16.875589, -18.845761, 1.320792
0, 9.477229, 20.728135, -19.795835, 1.102573
0, 8.208214, 20.909147, -20.826899, 0.883493
0, 9.145449, 20.585878, -20.966154, 0.684034
0, 7.977278, 20.477465, -18.046248, 1.374852
0, 6.904713, 20.871559, -21.142209, 0.775350
0, 9.738305, 20.752171, -16.785908, 0.664091
0, 9.332737, 17.030472, -20.691204, 0.791850
0, 8.670474, 19.315942, -20.824761, 0.875564
0, 6.290975, 17.451758, -20.375148, 0.789857
0, 5.787366, 20.995379, -17.565997, 0.800127
0, 8.787935, 18.184131, -18.967030, 1.302406
0, 9.236442, 15.147161, -20.485562, 0.533973
0, 11.126636, 16.205481, -20.285345, 0.808944
0, 11.304948, 14.056897, -20.129940, 0.421783
0, 9.843224, 20.614245, -18.714130, 0.595646
