0, 8.559127, 10.159223, -16.659298, 1.903886
0, 8.643067, 10.962295, -15.165832, 2.946141
0, 9.627961, 11.369549, -13.854433, 1.783345
0, 9.356823, 10.028991, -15.506625, 2.284224
0, 10.004417, 11.852796, -16.329639, 2.523907
0, 7.719739, 10.197444, -15.794912, 2.120954
0, 6.905884, 11.070642, -16.166187, 2.426817
0, 8.557855, 11.600861, -13.603090, 2.039714
0, 7.526007, 8.715163, -17.305294, 2.203360
0, 10.979767, 12.999555, -17.742443, 2.681264
0, 8.328657, 12.562606, -16.061669, 2.547405
0, 7.431606, 10.618998, -17.254006, 2.467194
0, 8.250870, 9.614643, -17.830705, 2.396005
0, 9.930376, 12.105497, -14.839989, 2.363083
0, 10.581317, 13.083854, -14.359699, 2.108704
0, 10.033370, 12.743604, -12.813287, 2.031991
0, 10.252333, 10.623335, -14.395827, 1.299837
0, 7.763670, 8.442529, -15.279893, 2.274852
0, 9.470961, 9.655082, -13.942171, 1.133733
0, 10.285851, 10.271006, -16.101649, 1.663734
0, 7.209783, 10.600665, -12.564063, 2.369619
0, 9.318676, 9.190961, -16.601479, 2.093105
0, 8.926993, 11.299222, -17.082089, 2.656049
0, 5.026100, 10.511655, -16.648533, 2.183180
0, 6.039185, 9.513984, -14.917900, 2.580296
0, 6.506124, 8.380814, -14.048011, 2.250552
0, 6.953624, 9.442667, -16.269282, 2.390657
0, 8.058811, 8.110960, -16.426103, 2.171888
0, 9.476347, 10.358614, -17.560798, 2.109266
0, 4.865514, 8.822066, -16.715692, 2.417959
0, 11.133966, 12.444816, -15.878166, 2.298173
0, 8.591093, 12.658988, -14.557829, 2.258361
0, 9.590442, 13.461703, -13.812432, 2.199100
0, 7.823621, 7.429510, -18.750842, 2.693947
0, 9.176470, 10.663660, -13.070071, 2.095763
0, 6.873421, 8.676242, -18.438760, 2.284186
0, 7.656029, 11.557236, -18.752389, 2.643063
0, 10.637185, 11.783805, -13.718290, 1.502376
0, 5.553390, 6.526518, -14.134957, 1.985296
0, 7.174330, 12.612010, -15.268280, 1.901768
0, 6.100163, 6.827223, -17.928591, 2.432615
0, 9.362516, 13.420027, -16.981797, 2.463006
0, 6.007708, 8.676365, -17.233379, 2.148802
0, 8.140714, 9.263018, -13.435752, 1.988807
0, 10.107812, 8.950498, -17.828833, 1.396167
0, 8.033263, 10.543365, -13.892150, 2.112125
0, 4.718984, 7.477396, -14.392575, 2.353262
0, 4.772174, 8.771223, -14.491552, 2.029067
0, 10.577807, 9.929088, -19.018325, 1.931051
0, 7.581252, 6.502258, -16.823910, 1.138283
0, 10.098139, 11.202162, -18.696367, 2.691530
0, 9.118980, 13.969608, -15.472330, 2.075535
0, 7.502172, 12.898284, -16.786178, 1.856957
0, 7.477026, 14.056481, -14.012166, 2.231006
0, 10.263693, 9.977749, -20.208584, 2.543626
0, 8.547167, 9.084411, -14.619394, 1.945019
0, 9.345687, 12.971865, -11.089331, 2.249917
0, 10.328243, 13.665258, -15.269037, 2.114049
0, 10.139280, 15.098629, -14.173821, 2.512463
0, 8.555814, 12.161636, -12.347981, 2.416576
0, 7.858458, 9.249422, -19.382162, 2.908544
0, 7.927893, 10.292859, -18.804505, 2.187962
0, 6.590091, 6.852115, -19.501769, 2.109930
0, 3.589211, 8.586669, -14.770993, 2.030175
0, 6.506793, 10.798782, -18.029340, 2.792198
0, 6.637589, 8.632088, -20.640174, 1.358303
0, 9.259852, 9.518393, -20.756971, 3.175888
0, 7.519956, 11.557768, -14.665243, 2.154361
0, 6.690343, 7.862443, -15.973499, 2.514338
0, 6.735489, 9.121825, -12.072170, 2.103664
0, 6.619892, 9.272671, -19.435399, 1.988728
0, 7.169671, 11.842892, -17.056909, 2.384853
0, 8.178430, 9.185937, -16.061776, 1.647205
0, 11.336201, 10.721775, -18.536626, 1.557383
0, 6.784686, 11.880148, -12.687929, 2.468720
0, 11.021813, 11.480726, -17.176425, 2.530913
0, 7.326028, 12.622067, -13.908155, 2.179792
0, 5.020617, 7.100763, -18.277587, 1.221614
0, 7.358543, 6.873397, -15.702128, 1.287659
0, 8.185052, 12.623213, -18.136925, 2.522307
0, 6.115971, 12.406827, -17.064950, 2.248835
0, 7.344768, 9.576091, -14.130105, 2.198921
0, 8.420056, 10.881817, -11.873335, 2.476683
0, 11.583369, 13.891955, -15.003147, 2.165530
0, 7.198825, 14.099575, -15.745250, 2.140389
0, 8.592430, 14.340223, -12.627016, 1.950611
0, 9.452473, 10.888918, -19.758486, 2.367013
0, 3.300432, 8.588217, -15.995742, 2.467284
0, 11.377717, 13.804100, -12.550653, 0.947464
0, 6.389996, 13.083800, -16.040224, 2.103834
0, 7.964604, 15.810560, -14.850744, 2.321131
0, 8.185755, 8.088042, -14.199240, 1.040393
0, 9.040401, 15.890512, -16.161230, 3.057276
0, 8.828572, 12.067819, -19.021645, 2.364673
0, 9.572767, 16.641705, -13.262630, 2.598098
0, 9.330868, 8.700845, -18.738787, 2.293308
0, 9.824643, 11.812416, -12.066535, 1.682145
0, 6.606735, 10.529447, -14.893571, 2.110366
0, 8.984834, 15.460227, -11.855027, 2.313542
0, 6.935523, 10.736788, -13.737614, 1.980670
0, 10.925869, 11.027628, -15.567438, 1.191154
0, 7.386857, 17.049797, -14.172987, 2.079186
0, 9.444283, 13.799359, -12.082519, 1.978623
0, 8.584420, 8.018416, -17.774201, 2.789641
0, 11.392646, 13.384095, -13.608297, 1.372243
0, 8.313168, 7.133957, -20.029631, 3.269592
0, 10.868122, 12.876313, -19.581544, 3.029842
0, 7.477219, 10.851265, -10.804330, 2.596214
0, 7.978903, 13.459009, -15.060462, 1.800794
0, 5.770342, 9.697069, -13.398677, 2.667595
0, 6.146051, 13.760582, -17.070227, 2.802855
0, 10.457344, 13.776447, -10.476343, 1.276233
0, 5.432000, 12.145433, -14.330092, 2.058519
0, 10.810752, 9.270385, -22.013004, 2.866655
0, 7.316735, 14.080658, -18.677150, 2.315623
0, 9.075735, 8.289333, -15.879127, 1.090673
0, 7.521077, 18.215464, -13.095719, 2.295268
0, 5.735924, 9.773575, -17.574135, 2.219204
0, 4.484121, 10.008832, -14.424498, 2.316864
0, 5.864690, 12.371257, -18.786933, 2.414873
0, 9.397745, 8.000656, -20.115639, 2.855861
0, 9.012639, 14.644866, -13.762699, 2.374834
0, 4.527293, 11.710661, -16.980237, 2.070024
0, 9.148782, 9.060829, -22.071374, 3.370135
0, 10.394190, 8.794624, -19.255998, 1.340097
0, 11.449143, 15.291087, -16.491026, 2.568181
0, 8.157535, 13.683924, -11.856223, 2.012179
0, 10.079985, 15.804132, -11.862005, 1.780063
0, 4.547437, 12.334779, -13.091103, 2.220034
0, 5.622173, 5.728881, -16.214714, 1.054498
0, 4.975809, 8.437352, -13.409241, 2.101597
0, 5.813479, 8.016977, -18.668963, 2.436872
0, 8.721682, 12.766381, -9.052014, 1.509224
0, 7.171112, 8.618405, -13.172743, 1.752989
0, 5.452552, 6.933450, -12.841264, 1.254014
0, 8.193673, 13.243882, -13.062194, 2.247320
0, 6.020559, 11.173983, -11.965206, 2.046568
0, 4.586670, 14.208877, -16.912896, 2.450257
0, 5.244725, 11.405507, -18.428144, 2.647135
0, 4.564600, 10.583479, -11.756237, 1.864707
0, 10.444236, 14.471090, -11.899478, 2.050711
0, 9.791372, 16.310586, -14.796979, 3.220107
0, 9.277152, 11.635888, -10.704050, 1.411693
0, 5.510594, 7.606802, -17.014307, 2.723554
0, 9.958697, 7.975392, -21.139104, 1.983105
0, 5.356976, 8.367535, -15.480556, 2.954841
0, 6.416370, 7.327846, -14.894183, 2.378560
0, 7.479377, 12.411017, -11.651000, 2.795356
0, 9.634407, 11.565379, -21.201382, 3.082562
0, 7.434001, 10.269937, -21.542481, 2.586971
0, 11.544889, 11.072510, -20.234278, 3.184875
0, 6.307159, 11.876336, -15.227689, 1.979718
0, 6.349559, 6.371355, -15.552235, 1.358297
0, 4.842086, 15.346480, -17.724419, 2.935842
0, 10.197800, 18.109522, -14.408617, 2.852150
0, 8.491037, 10.651524, -20.542659, 2.580249
0, 6.294307, 12.951522, -14.275898, 1.835737
0, 12.378089, 12.123351, -21.247140, 1.853122
0, 8.940039, 14.683453, -16.424797, 2.205907
0, 11.213934, 15.566517, -12.833233, 2.458393
0, 7.980102, 8.905451, -21.262354, 3.315246
0, 8.518247, 12.915200, -10.317508, 2.146817
0, 7.147834, 14.223947, -12.867501, 2.305079
0, 11.162355, 16.482916, -13.467764, 2.580185
0, 8.832765, 7.418296, -21.994930, 2.599883
0, 7.699748, 15.562104, -19.633757, 2.597415
0, 10.511851, 9.883326, -17.244914, 1.366199
0, 10.221863, 14.970372, -15.309533, 2.519055
0, 7.508513, 10.337994, -19.970307, 2.297682
0, 6.119476, 15.831527, -16.452670, 2.762892
0, 3.889258, 7.238255, -17.244780, 1.448790
0, 3.936570, 6.730069, -14.672609, 2.492900
0, 11.013013, 17.147406, -15.418336, 2.282631
0, 9.719193, 15.327263, -10.811703, 1.779839
0, 6.732804, 13.156906, -17.968448, 2.459463
0, 10.225524, 14.425390, -16.727755, 2.504267
0, 7.669232, 16.746224, -20.820898, 2.810227
0, 8.212734, 13.763648, -16.405638, 1.779622
0, 4.772161, 9.922117, -19.534799, 1.861624
0, 4.349168, 6.052756, -17.012725, 1.589404
0, 6.423299, 12.094436, -10.496400, 2.158452
0, 9.295371, 13.713161, -20.640716, 2.476554
0, 4.847681, 11.438290, -12.509536, 1.863482
0, 5.764124, 9.586998, -16.414145, 2.124339
0, 3.463979, 7.531213, -12.263111, 2.114077
0, 10.696031, 17.824542, -11.805025, 2.077927
0, 6.580821, 9.812376, -20.570415, 2.402480
0, 4.203002, 6.859264, -12.799490, 1.762469
0, 3.679384, 7.301976, -15.946711, 2.675657
0, 6.139040, 11.330306, -9.502448, 1.797604
0, 5.056761, 13.114694, -11.344208, 2.096957
0, 10.393078, 7.967878, -22.232454, 1.280886
0, 11.204540, 18.934025, -12.348919, 2.070553
0, 8.450509, 13.860246, -10.803438, 1.778162
0, 4.818320, 6.486216, -15.681794, 2.979454
0, 7.649116, 13.667906, -8.799566, 1.822032
0, 3.737608, 10.182822, -18.235533, 2.250888
0, 2.546221, 9.414860, -15.078383, 2.038498
0, 4.449367, 13.674651, -13.535845, 1.988945
0, 12.847245, 12.840096, -20.219695, 1.287224
0, 10.966095, 9.134737, -20.841931, 1.658727
0, 11.032598, 15.656537, -14.800055, 2.466314
0, 6.609836, 9.738405, -10.860164, 2.046115
0, 5.383231, 10.726433, -15.188651, 2.387505
0, 4.644384, 11.858086, -10.102911, 2.037949
0, 4.164691, 9.875996, -16.099733, 2.580257
0, 3.307164, 8.739261, -12.832777, 1.902517
0, 10.368657, 14.220697, -12.978484, 2.111982
0, 6.974975, 8.072205, -19.627345, 2.227536
0, 7.160089, 7.590293, -13.577143, 1.018794
0, 4.059212, 13.447118, -12.162435, 2.389433
0, 11.892328, 12.070430, -18.722597, 2.494459
0, 2.885421, 7.557894, -15.182718, 2.097981
0, 6.402370, 13.384510, -12.050291, 2.125490
0, 4.573293, 15.960847, -18.885394, 2.652612
0, 5.608105, 11.386685, -16.190538, 2.043493
0, 5.267354, 11.225110, -13.665452, 2.471310
0, 7.702182, 15.085369, -17.465916, 2.648630
0, 7.395746, 12.405026, -7.708742, 1.140246
0, 4.373300, 14.044299, -18.218765, 2.816333
0, 3.211061, 5.768742, -15.468567, 1.258842
0, 5.350328, 11.262984, -19.567729, 2.253120
0, 4.651276, 9.358234, -18.075227, 2.287281
0, 6.449085, 6.494609, -16.723124, 1.875825
0, 9.602838, 15.496928, -13.014819, 2.233965
0, 5.119053, 9.639733, -11.516689, 1.763943
0, 5.861374, 11.005762, -7.644576, 1.068777
0, 12.411096, 14.303960, -15.704481, 1.127775
0, 9.120227, 12.529968, -13.448077, 1.627731
0, 11.012750, 10.763406, -21.517529, 2.766147
0, 11.467709, 14.957400, -11.331389, 1.063348
0, 3.967599, 9.542045, -11.374117, 1.827781
0, 3.235690, 14.044818, -13.431299, 2.658252
0, 3.457006, 11.558483, -15.802886, 2.306721
0, 12.675741, 14.291560, -21.737616, 2.931664
0, 8.930206, 16.135720, -10.447577, 1.817041
0, 2.396429, 13.819386, -12.166077, 2.910571
0, 3.499181, 8.820646, -17.366678, 2.123389
0, 12.568225, 13.602156, -19.392212, 1.574749
0, 10.595667, 12.707292, -11.819335, 1.057040
0, 6.215099, 14.330958, -19.115346, 2.603152
0, 7.678304, 13.512058, -9.884335, 2.172050
0, 5.100162, 10.189458, -12.665151, 1.828259
0, 9.511432, 12.259426, -17.657968, 2.728273
0, 3.728076, 16.462834, -17.165717, 2.748268
0, 12.284565, 14.683887, -14.298868, 1.074291
0, 11.609214, 16.138993, -11.280686, 1.338054
0, 7.746676, 13.310693, -19.433890, 3.034386
0, 5.675591, 14.885306, -15.498583, 2.932572
0, 7.688545, 16.415906, -13.074964, 2.692487
0, 4.092019, 11.549021, -14.780659, 2.035737
0, 4.756770, 13.013329, -16.761153, 2.188274
0, 9.526742, 15.052813, -20.932544, 2.379092
0, 7.034646, 7.422413, -17.655971, 2.242891
0, 2.806398, 7.332807, -13.380872, 2.114758
0, 7.556231, 14.882373, -20.636251, 2.744241
0, 2.383984, 10.693451, -17.117312, 2.123618
0, 4.344683, 11.853769, -11.347731, 2.129208
0, 8.602730, 17.670783, -13.464902, 2.572800
0, 6.592878, 14.704686, -14.318265, 2.347326
0, 6.797983, 14.366216, -10.415514, 2.309641
0, 2.336201, 9.227118, -16.241416, 1.783546
0, 1.955097, 12.273411, -17.145524, 1.558133
0, 6.725073, 14.834475, -16.808477, 2.519949
0, 6.518292, 13.307590, -10.808209, 2.168733
0, 7.866524, 9.788675, -11.802217, 1.786132
0, 5.252968, 12.479419, -20.446579, 2.645650
0, 11.639782, 12.632080, -16.894659, 1.734441
0, 8.497449, 16.482707, -13.964243, 2.178289
0, 5.414903, 12.801308, -12.314866, 2.104448
0, 6.721528, 15.219934, -18.567360, 2.655958
0, 8.276311, 14.707190, -15.240290, 2.060669
0, 12.131633, 14.250983, -17.126050, 2.228195
0, 5.810957, 13.597770, -13.405286, 2.515773
0, 4.333726, 13.262001, -14.586711, 2.349367
0, 9.681162, 10.721048, -22.466597, 2.871499
0, 4.103351, 15.307911, -16.591696, 3.012648
0, 5.887607, 13.843380, -20.187387, 2.559138
0, 2.524868, 9.258327, -13.892243, 2.038566
0, 9.913482, 12.175421, -19.792012, 2.783728
0, 7.406353, 13.700588, -21.172684, 2.678473
0, 10.089633, 15.497816, -17.591371, 2.605370
0, 2.017471, 12.047629, -15.624249, 2.431183
0, 3.736297, 11.162209, -10.137942, 2.097371
0, 9.544779, 12.760739, -15.794331, 2.055414
0, 2.717078, 15.838055, -18.165459, 2.648602
0, 8.409082, 13.363335, -7.938789, 0.920965
0, 5.212659, 14.344413, -14.174247, 2.331261
0, 4.437390, 14.311088, -15.799182, 2.788426
0, 3.361707, 13.440660, -17.655478, 2.406402
0, 10.811856, 17.569149, -10.440845, 2.404505
0, 7.386069, 7.472103, -20.847209, 1.613767
0, 6.007693, 14.510440, -12.012068, 2.288075
0, 7.784310, 11.733383, -19.929038, 2.047140
0, 5.105414, 10.387319, -10.584205, 2.094292
0, 10.526627, 16.049097, -10.912327, 1.537001
0, 7.860753, 14.541232, -7.930412, 1.994305
0, 4.895176, 14.386811, -11.339125, 1.956799
0, 4.983927, 12.912933, -15.450085, 1.980284
0, 4.097182, 14.719217, -13.285341, 2.037616
0, 2.770873, 14.563848, -17.702347, 2.428785
0, 11.865330, 14.815480, -18.788279, 2.283218
0, 11.844049, 14.542896, -13.201282, 1.227469
0, 3.209522, 11.810917, -11.180663, 2.087863
0, 11.310247, 13.861155, -16.341500, 2.281264
0, 3.281650, 11.245827, -17.800165, 2.194082
0, 11.473795, 14.120211, -20.038984, 2.360478
0, 5.139260, 8.942156, -12.431309, 1.811867
0, 6.403594, 12.006444, -19.898108, 2.512020
0, 9.255352, 16.919136, -17.024337, 2.448358
0, 10.052948, 13.570440, -18.540893, 2.897646
0, 6.103512, 10.275049, -19.101628, 2.401448
0, 6.889068, 17.753623, -19.133621, 2.777012
0, 9.941453, 18.793878, -10.489655, 1.665305
0, 1.350317, 8.669146, -13.885953, 1.153166
0, 2.014499, 6.651000, -15.044861, 1.154412
0, 6.142642, 8.073763, -13.033018, 2.141334
0, 10.320486, 19.794784, -10.949063, 1.720572
0, 4.919087, 14.203496, -9.910308, 2.042718
0, 5.663088, 9.457244, -9.214945, 1.253619
0, 3.025267, 9.518584, -11.927815, 2.380429
0, 7.119601, 11.733319, -21.002848, 2.553022
0, 10.178720, 12.784739, -21.209357, 2.560862
0, 7.693537, 13.780937, -17.542598, 1.793800
0, 7.851900, 18.487422, -17.802782, 2.634822
0, 8.053755, 11.578995, -9.927675, 1.973567
0, 6.177909, 14.868451, -9.533127, 1.992941
0, 12.259062, 15.944332, -14.326741, 1.482076
0, 8.976711, 17.730015, -15.445800, 3.202812
0, 9.556945, 13.985195, -9.606620, 2.101555
0, 3.184290, 14.738615, -14.612760, 3.035538
0, 3.636154, 10.749669, -12.695550, 2.651745
0, 7.876273, 15.491484, -15.945971, 2.131606
0, 5.436018, 11.282470, -20.728849, 1.808089
0, 5.147934, 14.993864, -12.562277, 2.193531
0, 11.582779, 10.928837, -22.854445, 1.492883
0, 8.255842, 11.072132, -22.010556, 3.324150
0, 3.408177, 12.875325, -11.365192, 1.962854
0, 2.414694, 9.269349, -10.023525, 2.315614
0, 6.544627, 12.493642, -21.946924, 2.837419
0, 6.467297, 10.188982, -8.934475, 0.786592
0, 4.474843, 8.800126, -10.099073, 1.971575
0, 12.041592, 16.490000, -17.096651, 2.306906
0, 10.962394, 19.143142, -10.335623, 1.464913
0, 6.368422, 11.088832, -21.741846, 1.471218
0, 5.630915, 11.541683, -11.020466, 1.935868
0, 6.463776, 12.999567, -7.889751, 2.032100
0, 3.372447, 10.290297, -9.631801, 1.929678
0, 8.364503, 15.005768, -10.496352, 2.497575
0, 11.442350, 17.625422, -13.343576, 2.309833
0, 7.590510, 14.783570, -11.851325, 2.686229
0, 3.683909, 8.451918, -10.834462, 1.787616
0, 7.104061, 10.478030, -9.740581, 1.241108
0, 8.634895, 12.515279, -20.467452, 2.729653
0, 2.516376, 10.879475, -10.924140, 2.472215
0, 8.757887, 13.898915, -17.985935, 2.288915
0, 6.222646, 12.382714, -11.554544, 1.551746
0, 4.079772, 15.214598, -11.714921, 2.064368
0, 12.180455, 12.446213, -22.398250, 2.779139
0, 5.655282, 12.965416, -9.910173, 1.945466
0, 3.529490, 12.368296, -14.128824, 2.304365
0, 5.296583, 11.367337, -8.735293, 1.653119
0, 4.316777, 8.157286, -18.050273, 1.386831
0, 11.655647, 18.629645, -14.030818, 1.832790
0, 7.626194, 12.582038, -23.015886, 1.658121
0, 9.244822, 9.851669, -18.820389, 2.198562
0, 7.988636, 15.453968, -13.736333, 2.167083
0, 6.702249, 13.811563, -22.415895, 1.960108
0, 9.023062, 14.323820, -19.093797, 2.438727
0, 2.687025, 14.122786, -16.104997, 2.805816
0, 8.219289, 15.355915, -21.890821, 3.012406
0, 7.385934, 12.194257, -9.234497, 2.401086
0, 5.704590, 9.290350, -18.609428, 1.989200
0, 6.377234, 11.798438, -13.758415, 1.891348
0, 8.930332, 12.974279, -21.808199, 3.072305
0, 6.937225, 16.014632, -11.411578, 2.749087
0, 8.626905, 16.043542, -20.787609, 2.492667
0, 3.503926, 11.417990, -19.188049, 1.586627
0, 8.320825, 15.009637, -23.418016, 1.493729
0, 8.927744, 11.013307, -18.416463, 1.923462
0, 2.831021, 14.150300, -18.832889, 2.466058
0, 4.118744, 13.591598, -10.633645, 1.975617
0, 6.633257, 16.534422, -15.423918, 2.324730
0, 3.948458, 14.641366, -10.390053, 1.781463
0, 9.123196, 14.945826, -9.009939, 1.923779
0, 4.757226, 7.466048, -12.050580, 1.512694
0, 6.800575, 15.610267, -13.339287, 2.308360
0, 3.685038, 9.399182, -13.833915, 1.834926
0, 10.857226, 15.183698, -10.157349, 1.364933
0, 5.230952, 13.573890, -8.469633, 1.861892
0, 12.595238, 15.609210, -16.100828, 1.242631
0, 3.627853, 12.780830, -16.113212, 2.794839
0, 9.811372, 20.723637, -9.344524, 1.657560
0, 5.770057, 8.583509, -11.276449, 2.076984
0, 2.043426, 9.169036, -12.729524, 2.199599
0, 4.710016, 16.049429, -10.767259, 2.497420
0, 7.600055, 17.021482, -16.311642, 2.703852
0, 5.912711, 14.749045, -10.902502, 2.318747
0, 5.827940, 13.980562, -21.493235, 2.368344
0, 6.395842, 10.155232, -11.937800, 1.821647
0, 2.852410, 12.956465, -14.918773, 2.769264
0, 9.009022, 15.207821, -18.338065, 2.619591
0, 5.743917, 13.697898, -14.970988, 2.008603
0, 3.405531, 10.945327, -14.122154, 2.204362
0, 6.545423, 16.247754, -10.230029, 2.283649
0, 8.638884, 19.945943, -10.132622, 1.993601
0, 10.195342, 12.756765, -23.073590, 1.549899
0, 2.770175, 16.045473, -16.124356, 3.129665
0, 4.452937, 12.228718, -18.996530, 2.149875
0, 7.724317, 14.993269, -9.118610, 2.091167
0, 3.348243, 12.140653, -12.658670, 2.716555
0, 12.221341, 14.308190, -23.116495, 1.905377
0, 3.563040, 10.110367, -15.076759, 2.071177
0, 10.555867, 11.692700, -22.673230, 1.988425
0, 4.053947, 9.298683, -8.429194, 1.558481
0, 3.785594, 15.943409, -12.710188, 2.054657
0, 7.460960, 15.427611, -7.205246, 1.793890
0, 11.840905, 13.638412, -18.475592, 2.245881
0, 2.112493, 10.444699, -13.249641, 2.204086
0, 3.794452, 12.274164, -17.761433, 2.297989
0, 2.256168, 10.385901, -15.830685, 2.256411
0, 8.793501, 16.229921, -19.380406, 2.296708
0, 4.777452, 17.411408, -9.475470, 1.959393
0, 4.357800, 10.425990, -7.857284, 1.675731
0, 6.785791, 20.457578, -10.152516, 2.560394
0, 9.231232, 17.619503, -12.139022, 2.261931
0, 7.804596, 18.916758, -10.433174, 1.821373
0, 4.300078, 10.576565, -8.994527, 1.886994
0, 3.598102, 15.092386, -18.874510, 2.207923
0, 6.574503, 15.978985, -19.452197, 3.028561
0, 2.345884, 12.523423, -18.301868, 1.723009
0, 3.960253, 13.124198, -19.648012, 2.584509
0, 10.802007, 14.599010, -20.927634, 2.619248
0, 3.832879, 10.753834, -16.806351, 2.232290
0, 3.940524, 11.672469, -8.397795, 1.751939
0, 4.443294, 13.129145, -9.356457, 1.817252
0, 2.235857, 13.464647, -17.077276, 1.780629
0, 3.782680, 8.132385, -13.765903, 1.942056
0, 2.219562, 11.477332, -13.812399, 2.447498
0, 6.816432, 14.390385, -8.759722, 1.685022
0, 10.734220, 16.525485, -16.332251, 2.261728
0, 10.534536, 18.453277, -9.191399, 1.655947
0, 10.110755, 21.078337, -10.474758, 1.503928
0, 10.069609, 16.889204, -12.088163, 2.145910
0, 9.144945, 19.502301, -12.011662, 2.233776
0, 1.942510, 12.149773, -12.307419, 2.396222
0, 1.709472, 13.609868, -15.359182, 1.357607
0, 6.264100, 13.325612, -9.110606, 2.085266
0, 1.478065, 10.677361, -14.613622, 1.454717
0, 12.304842, 18.012652, -17.615245, 2.234817
0, 5.016890, 16.015564, -11.960164, 2.192470
0, 6.225829, 14.477486, -7.691273, 1.876892
0, 5.097173, 12.573420, -17.888128, 2.160099
0, 8.667113, 16.534318, -18.000232, 2.392018
0, 6.473065, 11.647945, -8.559099, 1.814032
0, 6.370005, 15.070939, -21.271948, 2.700757
0, 4.860059, 12.979232, -6.939931, 1.627027
0, 6.651800, 14.939401, -6.779970, 1.632759
0, 4.219675, 14.302377, -19.844298, 2.418156
0, 4.237456, 15.609441, -14.619150, 2.715875
0, 11.853812, 16.407130, -15.511408, 1.886118
0, 3.784019, 15.550968, -9.609707, 2.027126
0, 3.047465, 10.903278, -8.638476, 1.822919
0, 2.820498, 7.447410, -10.437876, 1.270653
0, 5.590477, 12.099251, -6.832555, 1.043701
0, 6.250271, 15.898641, -22.435020, 3.199295
0, 7.413631, 16.416665, -17.659239, 3.003432
0, 9.819767, 16.784119, -10.483516, 1.971176
0, 8.536628, 16.611148, -11.661803, 2.431356
0, 5.673668, 12.140570, -7.985763, 1.476490
0, 10.924208, 14.371801, -17.990274, 2.302744
0, 9.869432, 18.717513, -16.344841, 2.125358
0, 1.947698, 12.770116, -13.408821, 2.802043
0, 3.357917, 8.790812, -9.776323, 2.074604
0, 6.397778, 16.522992, -14.240033, 2.036755
0, 6.297864, 17.832911, -16.327071, 3.037580
0, 11.349618, 16.284903, -10.101327, 0.902216
0, 10.307611, 14.857070, -22.122413, 2.631877
0, 9.287973, 17.966987, -9.660710, 1.815015
0, 2.819116, 15.371577, -10.641385, 1.934987
0, 6.887660, 13.808001, -6.792287, 1.563399
0, 2.755259, 15.231972, -12.528835, 1.976627
0, 8.760005, 11.637988, -22.950762, 1.763877
0, 8.944076, 20.996683, -8.759674, 1.896383
0, 4.778709, 16.804623, -16.285604, 2.901620
0, 6.763055, 18.473658, -9.730137, 1.705153
0, 2.458247, 10.022111, -8.461108, 1.797793
0, 10.463993, 16.959644, -18.637900, 2.575688
0, 9.070555, 13.920236, -8.598976, 1.283408
0, 2.854212, 13.637877, -9.447932, 2.438001
0, 8.471189, 15.429033, -7.696724, 2.147959
0, 8.061414, 18.809480, -12.286097, 2.269989
0, 1.483618, 9.826252, -10.637299, 2.379640
0, 3.807507, 12.270930, -9.542705, 1.924508
0, 11.874010, 13.303635, -21.017809, 2.909644
0, 8.253276, 17.904540, -10.466849, 1.984199
0, 3.156299, 15.000670, -19.973484, 2.214347
0, 9.869774, 17.319561, -8.864605, 1.768473
0, 7.714936, 14.515411, -6.479489, 0.865522
0, 1.286438, 9.843051, -13.779460, 1.092199
0, 6.138362, 16.787619, -8.712312, 1.721163
0, 2.067318, 11.718273, -10.400282, 1.802446
0, 7.879931, 17.446468, -18.352946, 2.525384
0, 5.405809, 16.699284, -18.234858, 3.069905
0, 12.128859, 15.601495, -21.762293, 3.293613
0, 8.504305, 14.079829, -21.515298, 2.218464
0, 2.725890, 15.057795, -9.554011, 1.615682
0, 11.278436, 17.766195, -18.277793, 2.429748
0, 10.373469, 17.941306, -8.091145, 0.923476
0, 1.769709, 8.456524, -15.302215, 1.359273
0, 4.731861, 7.770687, -10.957654, 1.038446
0, 4.649166, 14.202509, -21.724206, 1.335094
0, 10.164519, 18.301030, -13.153257, 2.147245
0, 3.237620, 14.115016, -11.416685, 2.173755
0, 11.475976, 15.900514, -17.959764, 2.389655
0, 3.346901, 16.017891, -8.620852, 1.827973
0, 12.816950, 15.953787, -18.117858, 1.746096
0, 9.933741, 15.702170, -9.237999, 2.261976
0, 4.194812, 9.834928, -10.271439, 1.865402
0, 7.826064, 16.669485, -10.618196, 1.632372
0, 10.450945, 13.624520, -22.281982, 2.851963
0, 2.176404, 7.839856, -14.273770, 1.936047
0, 2.551174, 8.323401, -11.393043, 2.176558
0, 4.565105, 16.304971, -20.504329, 2.768272
0, 7.018971, 14.812626, -23.136204, 1.630584
0, 1.646616, 7.626036, -13.317706, 1.705360
0, 7.927233, 16.951200, -8.736532, 1.520222
0, 5.907138, 18.963516, -18.758478, 2.163158
0, 10.432887, 15.422409, -18.784446, 2.575193
0, 4.411025, 13.362598, -20.890416, 1.546590
0, 10.639415, 20.003690, -14.939992, 1.723119
0, 4.660064, 11.879177, -15.745998, 1.815472
0, 8.921258, 16.337458, -8.915929, 1.883899
0, 9.397547, 19.725553, -7.774196, 2.416717
0, 1.544977, 8.017794, -11.027002, 2.196415
0, 9.746861, 18.593291, -19.879362, 2.348701
0, 12.020129, 15.970370, -19.573389, 3.070322
0, 7.253738, 12.732741, -20.347643, 2.163024
0, 7.840190, 16.092217, -23.699772, 1.421197
0, 9.167345, 14.164248, -23.138917, 2.179703
0, 1.667825, 14.728390, -12.834206, 1.343827
0, 5.619034, 15.851092, -13.379014, 2.402641
0, 6.700917, 15.936845, -5.989357, 2.057430
0, 2.896084, 16.664534, -10.756307, 2.108997
0, 11.172368, 17.702229, -16.659599, 1.988031
0, 4.926173, 15.051105, -7.140022, 1.512609
0, 4.179030, 8.348929, -11.818833, 1.676153
0, 11.969359, 16.616757, -12.461582, 1.333255
0, 6.648826, 18.857125, -17.306407, 2.850175
0, 0.933427, 9.719367, -12.343365, 1.211738
0, 10.897978, 16.172917, -20.322032, 2.847764
0, 3.502324, 15.630961, -13.719156, 1.993435
0, 6.432296, 16.807441, -16.930378, 2.529895
0, 2.542039, 16.372545, -13.941250, 2.386368
0, 11.449016, 19.100533, -17.648839, 2.386067
0, 12.810024, 14.471349, -18.184674, 1.074905
0, 4.676932, 17.464611, -17.196420, 2.315096
0, 11.741488, 19.235282, -15.276715, 1.874357
0, 10.370946, 20.995799, -11.899821, 2.223444
0, 8.539888, 21.110081, -9.886797, 2.042316
0, 10.862748, 17.063037, -9.162142, 1.313371
0, 2.096185, 10.970067, -12.135204, 2.416971
0, 4.469772, 16.907373, -11.370953, 1.883881
0, 6.233416, 16.484714, -12.250612, 2.456853
0, 9.964015, 15.333138, -23.403758, 1.626379
0, 5.443612, 14.901493, -20.499703, 2.697173
0, 9.095944, 19.022915, -9.540821, 2.078860
0, 11.953236, 17.516747, -14.507196, 2.207893
0, 7.910307, 13.755239, -22.562234, 2.314429
0, 7.480959, 17.419667, -11.652134, 2.604091
0, 5.128290, 16.158278, -9.534640, 2.274933
0, 1.716159, 7.749476, -9.896730, 1.003084
0, 5.192385, 15.809252, -21.520146, 2.918746
0, 9.207158, 7.326231, -18.600339, 1.237367
0, 1.442830, 9.072826, -11.456423, 2.020356
0, 1.725369, 6.328233, -13.536354, 1.063426
0, 12.191375, 18.152858, -16.441083, 1.973587
0, 2.979559, 14.716592, -8.523194, 1.888831
0, 6.403109, 17.590429, -14.754584, 2.155550
0, 1.024488, 8.034793, -12.306821, 1.388947
0, 10.867715, 15.802733, -21.577313, 2.109576
0, 12.716702, 17.001627, -19.098049, 2.219672
0, 7.633530, 19.527428, -13.484524, 1.757982
0, 4.624353, 11.789000, -7.251083, 2.130459
0, 7.065585, 16.530356, -8.293435, 1.794388
0, 6.742605, 21.109566, -11.412290, 2.352838
0, 3.783210, 17.086551, -19.571400, 2.422294
0, 7.630145, 16.037891, -9.770526, 1.832632
0, 9.917755, 16.454611, -22.130760, 2.710197
0, 2.978634, 16.202430, -19.668733, 2.570412
0, 11.749177, 17.417876, -20.119493, 2.867868
0, 6.088789, 19.704183, -11.606998, 2.266492
0, 9.465131, 18.510249, -18.507840, 2.308623
0, 1.038087, 11.187207, -10.732563, 1.387568
0, 5.474155, 16.853935, -19.955866, 2.524807
0, 5.289964, 21.541168, -9.128339, 1.945164
0, 6.032843, 17.537088, -7.385629, 1.704475
0, 12.562723, 17.227218, -23.266974, 2.094431
0, 12.707092, 14.536491, -20.235682, 2.302646
0, 3.824070, 16.613061, -15.405210, 2.511845
0, 2.198092, 8.540950, -8.903185, 1.340776
0, 6.936564, 17.508835, -10.642483, 1.732508
0, 4.050927, 16.403519, -21.664417, 2.960764
0, 5.262478, 10.132512, -8.501866, 1.339891
0, 9.571446, 19.701600, -14.487534, 1.960747
0, 5.760820, 22.300279, -7.410907, 0.939058
0, 2.134617, 16.138854, -12.813489, 1.709030
0, 5.940642, 18.025118, -18.088656, 2.549373
0, 5.345329, 15.059426, -18.755116, 2.543162
0, 3.369292, 17.516672, -20.829801, 2.368704
0, 8.952962, 17.206407, -22.383138, 2.016353
0, 7.602978, 21.690947, -12.108239, 2.264439
0, 9.370450, 17.739005, -11.012777, 1.956664
0, 6.074741, 14.652092, -5.564844, 1.427995
0, 5.774313, 17.203212, -10.109870, 2.061281
0, 4.216118, 17.570536, -7.845231, 1.704522
0, 4.031277, 18.783457, -11.488738, 2.318650
0, 1.656340, 14.841905, -11.152160, 1.525016
0, 6.371161, 16.141266, -7.286170, 1.566162
0, 4.643710, 12.476340, -8.074747, 1.527277
0, 4.519939, 18.113178, -20.144419, 2.104996
0, 7.495096, 17.627072, -15.253121, 2.254727
0, 12.986880, 15.961042, -20.699633, 2.370565
0, 8.567606, 17.989794, -16.612993, 2.565955
0, 4.336504, 17.939939, -22.182130, 2.813156
0, 2.286271, 17.265175, -7.970038, 1.712258
0, 1.284776, 6.934282, -12.522091, 0.996555
0, 4.434767, 14.383820, -8.293880, 1.408236
0, 10.433276, 18.796971, -15.271090, 2.055255
0, 5.156956, 13.213262, -19.385359, 2.213796
0, 9.842580, 15.190001, -19.747507, 2.165628
0, 2.008428, 14.145085, -10.301700, 2.099964
0, 6.265619, 16.727518, -21.187137, 2.728357
0, 2.654204, 11.355219, -14.887707, 1.884255
0, 3.719270, 14.557033, -20.967139, 1.624232
0, 4.096486, 17.306573, -10.395228, 2.048710
0, 10.557231, 18.993862, -19.015728, 2.447855
0, 7.706101, 18.273194, -8.699278, 1.664492
0, 1.155450, 11.408015, -12.506538, 1.070071
0, 10.151785, 18.791602, -11.746687, 1.881521
0, 3.001474, 17.241603, -11.938319, 2.276514
0, 4.810709, 17.711874, -18.873908, 2.206345
0, 1.898646, 11.329570, -9.149508, 1.701426
0, 2.500607, 12.761145, -10.475678, 2.021291
0, 11.181463, 12.054345, -21.470525, 2.482281
0, 8.573716, 18.049814, -20.763188, 2.640896
0, 11.942826, 19.870863, -16.361424, 1.591344
0, 6.242373, 18.454895, -20.167242, 2.504539
0, 10.294195, 13.973584, -20.072422, 2.192887
0, 9.337003, 18.283805, -7.696544, 1.950992
0, 5.872623, 17.560738, -12.439619, 1.878045
0, 8.858635, 21.490099, -10.994714, 2.464447
0, 11.265830, 15.622747, -22.826222, 3.009524
0, 5.156427, 19.759233, -10.935513, 2.631570
0, 8.372129, 18.782445, -13.884268, 2.428710
0, 5.121171, 16.430363, -14.451141, 2.507098
0, 3.995373, 14.531395, -9.311496, 1.577384
0, 6.824570, 15.632462, -9.065212, 1.649668
0, 10.740227, 16.874137, -23.641942, 1.574765
0, 7.033484, 20.838777, -13.011299, 1.998118
0, 5.973820, 15.564310, -8.190942, 1.834440
0, 11.801890, 18.679181, -19.057339, 2.401469
0, 9.452527, 17.537165, -23.498827, 1.695658
0, 7.859120, 15.485588, -6.005477, 1.044454
0, 9.903990, 16.928821, -20.134421, 2.843067
0, 2.194311, 17.406575, -14.365338, 1.510940
0, 5.680084, 14.541267, -22.682785, 1.269479
0, 5.821965, 18.724311, -10.213982, 2.070911
0, 4.777474, 16.113847, -8.226231, 1.965436
0, 7.560879, 22.108147, -9.282450, 2.094738
0, 1.957091, 12.087283, -8.370503, 1.263508
0, 3.237539, 18.907505, -13.334052, 2.416276
0, 5.542527, 17.508762, -11.376211, 2.367709
0, 7.519674, 22.835484, -12.728495, 1.937963
0, 6.749564, 17.624177, -8.346722, 1.529229
0, 6.275389, 19.534441, -13.287364, 2.425751
0, 1.826363, 17.044728, -11.901666, 1.170058
0, 5.101571, 18.975150, -21.358137, 2.461128
0, 10.575891, 18.525172, -21.512871, 2.911559
0, 11.490401, 20.138007, -18.505071, 2.251782
0, 5.631413, 21.584030, -11.750294, 1.890177
0, 7.288995, 19.462721, -11.472894, 2.291046
0, 5.213965, 19.080699, -16.291789, 3.016011
0, 2.890584, 15.863131, -11.619550, 1.839416
0, 3.580062, 13.251696, -8.037180, 1.913961
0, 10.472482, 19.755253, -9.401819, 1.460483
0, 9.645571, 20.437971, -20.052421, 3.845935
0, 7.840139, 17.538083, -22.724631, 2.084936
0, 2.963690, 11.308633, -7.236812, 1.710756
0, 4.847086, 20.347493, -12.335612, 2.064856
0, 2.742990, 17.415877, -18.276666, 2.157704
0, 4.829358, 18.879637, -8.835580, 1.819009
0, 2.207532, 18.134881, -13.426940, 1.732914
0, 10.408165, 19.224773, -13.753118, 1.908907
0, 4.293844, 14.316255, -6.435890, 1.593743
0, 5.339379, 18.580541, -12.208791, 2.057189
0, 4.329911, 18.538919, -9.799366, 2.318727
0, 5.850139, 18.775102, -22.428952, 2.548263
0, 1.951634, 18.259180, -12.231668, 1.026599
0, 1.595132, 15.713154, -11.951342, 0.759487
0, 4.023474, 9.575604, -12.688560, 1.772562
0, 6.503129, 18.481367, -12.450136, 2.084540
0, 7.180957, 18.148304, -6.951698, 1.944132
0, 2.369466, 13.319963, -7.964758, 1.693811
0, 5.855878, 20.711974, -6.362138, 1.449587
0, 8.474558, 17.301366, -19.683507, 2.567505
0, 2.960281, 6.098373, -14.172411, 1.402056
0, 7.587587, 18.695283, -16.639950, 2.250699
0, 9.364909, 16.404996, -7.831898, 1.888505
0, 6.191149, 18.250050, -5.733160, 2.048714
0, 1.825858, 14.131147, -14.154346, 1.703435
0, 5.317902, 17.752246, -21.060463, 2.709396
0, 12.613466, 18.563173, -22.281782, 2.774080
0, 7.257841, 22.149695, -14.722914, 2.668774
0, 7.157699, 16.811573, -6.594568, 1.817256
0, 8.694867, 15.064049, -20.026638, 1.911391
0, 7.149517, 18.968042, -22.557001, 2.475452
0, 12.187052, 17.300295, -21.790685, 3.157569
0, 3.383801, 18.380856, -19.879491, 2.450683
0, 1.348962, 10.207130, -8.518311, 1.442172
0, 8.350571, 19.828796, -8.689842, 1.808580
0, 10.141296, 17.809294, -22.479662, 1.925984
0, 5.034882, 15.067208, -8.895658, 1.837100
0, 10.706840, 18.639001, -23.268924, 2.682692
0, 5.903704, 18.834893, -14.374645, 2.542586
0, 1.452488, 12.822956, -11.072355, 1.908262
0, 5.749771, 19.690525, -9.550858, 2.165513
0, 1.925591, 15.217071, -8.804970, 1.580442
0, 3.392338, 17.378421, -9.325123, 1.884656
0, 5.761145, 12.957555, -6.174409, 0.970110
0, 2.702470, 12.285479, -7.478433, 1.913836
0, 3.673766, 17.203310, -12.921348, 2.472488
0, 4.765219, 18.035720, -14.133421, 2.320911
0, 13.567417, 16.735715, -22.679859, 1.624663
0, 4.933051, 16.238120, -5.821876, 1.735952
0, 12.628824, 18.059893, -20.711359, 2.485573
0, 8.636489, 18.989302, -19.452883, 2.422357
0, 6.438117, 19.665282, -15.474624, 2.685502
0, 5.712974, 20.792071, -10.003587, 2.186675
0, 10.409767, 20.719766, -13.280395, 3.002947
0, 9.230234, 19.068835, -23.061372, 3.089380
0, 11.845789, 17.981753, -11.825123, 1.138903
0, 2.998251, 17.230301, -16.209672, 2.217323
0, 12.872915, 19.694737, -21.776567, 1.684189
0, 2.305722, 17.937060, -15.502387, 1.436441
0, 7.811022, 16.442931, -22.135298, 2.689188
0, 10.749050, 17.100636, -21.540879, 2.495873
0, 1.538723, 14.533401, -6.797987, 1.051742
0, 3.819655, 13.299243, -7.001891, 1.588404
0, 1.088002, 13.303980, -9.824513, 0.872986
0, 9.473175, 20.043120, -16.007217, 2.513935
0, 7.277820, 6.254556, -18.071778, 1.431056
0, 5.578086, 18.195273, -9.146441, 1.588304
0, 4.491742, 21.380286, -7.470284, 1.598290
0, 8.936072, 19.609101, -18.253876, 2.542755
0, 12.472161, 19.583029, -23.383117, 2.811548
0, 10.717258, 19.941862, -16.879527, 2.048306
0, 2.995195, 15.450269, -7.254475, 1.855801
0, 8.692242, 20.644486, -22.955119, 2.412020
0, 10.156191, 17.706718, -17.372995, 2.241812
0, 8.290198, 19.546974, -17.101703, 3.076411
0, 6.618470, 20.554205, -16.351162, 3.047600
0, 3.065226, 17.422169, -21.975951, 0.906036
0, 2.047521, 15.320955, -14.218590, 1.893135
0, 5.013764, 19.006625, -13.541989, 2.083889
0, 5.785168, 16.841683, -5.075552, 1.633427
0, 8.019076, 20.014555, -7.669759, 2.236951
0, 1.518117, 15.431471, -10.173618, 1.221396
0, 9.792292, 19.391555, -17.463756, 2.582537
0, 7.777207, 23.047267, -11.173488, 1.782008
0, 5.658954, 17.407992, -23.131709, 2.447075
0, 6.890177, 17.401736, -23.492005, 1.867881
0, 7.855908, 20.981975, -11.247795, 2.302947
0, 3.069541, 6.417966, -12.639453, 0.954327
0, 5.200606, 19.808947, -18.289176, 2.598639
0, 9.270814, 16.332238, -23.549726, 1.535887
0, 7.109619, 17.392353, -9.383661, 1.719526
0, 8.897247, 19.348153, -15.330269, 2.719022
0, 3.844781, 18.036978, -15.479593, 2.126965
0, 5.327450, 15.157631, -6.086432, 1.544952
0, 7.776472, 19.534840, -9.551728, 1.777890
0, 5.392070, 19.923496, -23.558767, 1.540073
0, 9.535570, 14.217636, -10.946250, 1.676024
0, 7.160994, 18.741755, -21.055130, 3.119608
0, 0.731072, 8.526321, -9.730825, 1.603319
0, 2.460980, 18.781140, -11.145174, 2.277882
0, 4.796682, 16.960188, -13.346350, 2.441008
0, 5.832917, 19.613182, -19.916533, 2.463701
0, 11.629190, 20.880941, -21.778792, 2.952480
0, 9.173452, 17.389255, -18.646105, 2.181758
0, 10.326320, 20.823474, -22.069106, 3.200312
0, 3.177653, 18.024578, -10.647203, 2.255687
0, 3.089397, 19.118081, -14.719430, 2.505443
0, 8.767501, 20.967457, -21.020141, 2.701517
0, 11.123168, 19.650520, -19.995840, 3.226872
0, 6.109029, 23.444747, -14.216488, 1.657614
0, 6.069153, 10.348786, -9.995738, 1.728464
0, 2.109504, 15.001076, -16.513680, 1.518172
0, 6.972753, 20.139128, -20.001447, 2.344881
0, 9.210267, 22.356266, -12.177929, 2.645937
0, 10.193184, 17.041638, -7.593601, 0.824185
0, 1.579931, 14.364189, -8.246491, 1.619079
0, 6.463482, 20.576908, -23.258838, 2.388711
0, 1.339384, 12.995422, -8.571692, 1.308979
0, 4.816364, 21.621629, -10.869251, 2.501699
0, 3.087169, 12.225271, -8.749665, 1.748683
0, 8.179841, 19.799238, -20.243791, 2.397012
0, 7.959745, 20.578739, -18.047934, 2.661469
0, 11.255026, 19.547185, -21.372211, 3.459102
0, 1.879458, 17.334908, -10.146048, 1.606789
0, 4.097315, 19.126253, -15.534441, 2.350010
0, 5.801581, 20.591314, -13.477142, 1.975300
0, 12.740954, 19.332967, -20.205214, 1.852373
0, 1.895869, 10.153775, -9.525094, 1.861337
0, 6.237564, 17.736272, -13.599275, 2.369147
0, 2.017424, 12.652390, -9.455933, 1.576907
0, 1.221931, 12.333666, -7.564180, 0.787924
0, 7.732712, 19.553602, -23.810628, 2.248934
0, 6.701330, 17.758993, -22.221620, 2.639878
0, 3.845541, 18.598589, -16.907766, 2.142476
0, 10.468335, 19.038265, -8.315343, 1.027413
0, 7.157182, 20.383581, -9.150825, 1.771828
0, 3.485393, 19.110427, -18.311638, 2.829831
0, 3.769009, 18.630352, -21.370456, 2.618141
0, 4.112199, 20.432625, -20.576823, 3.261485
0, 6.439099, 18.721921, -8.751971, 1.823647
0, 6.210375, 22.860100, -10.997399, 1.895290
0, 4.735081, 20.612997, -9.294237, 2.152191
0, 5.164898, 22.931122, -10.728739, 1.295954
0, 6.346212, 22.415720, -9.882695, 2.634068
0, 6.346961, 19.674525, -21.185321, 2.112783
0, 1.672717, 16.384847, -8.864505, 1.393758
0, 6.508909, 23.467747, -12.456274, 1.408880
0, 7.287929, 18.762594, -15.355700, 2.492762
0, 5.507880, 20.146800, -17.063182, 2.847650
0, 6.622932, 18.496830, -10.953982, 1.954924
0, 9.130689, 17.234545, -6.515396, 1.223322
0, 8.107528, 17.105964, -6.909503, 1.656754
0, 11.437888, 19.729855, -13.734561, 1.656146
0, 4.964385, 13.950276, -7.473950, 1.371455
0, 8.112793, 20.592826, -19.363995, 2.872454
0, 8.733121, 17.782139, -8.443928, 1.609605
0, 11.454152, 17.808226, -22.736270, 2.637507
0, 9.446878, 20.358288, -11.237142, 2.035444
0, 9.956430, 20.811375, -18.260253, 3.151843
0, 3.204882, 20.431958, -15.490168, 1.910288
0, 4.357775, 20.342689, -7.123972, 1.641606
0, 9.259234, 19.181905, -20.799414, 2.595263
0, 5.942927, 20.629286, -12.372032, 1.648056
0, 0.956175, 11.956055, -8.807335, 0.802169
0, 2.186299, 13.392115, -6.608197, 1.539667
0, 2.652826, 16.478044, -9.396207, 1.779994
0, 10.792925, 19.885875, -23.509399, 3.039385
0, 7.778240, 20.668875, -15.331064, 2.825463
0, 3.762312, 19.857730, -10.338066, 2.282343
0, 4.123880, 15.300221, -7.763700, 1.558950
0, 5.527655, 19.911166, -22.210294, 2.072974
0, 5.169702, 19.855590, -14.618860, 2.313013
0, 8.420808, 22.061678, -14.267988, 2.055458
0, 2.060662, 7.057431, -11.656156, 1.482760
0, 4.515180, 19.175718, -23.052755, 1.868527
0, 5.911069, 16.204732, -4.218735, 0.888136
0, 8.887193, 21.084823, -12.934367, 2.988265
0, 6.047149, 21.805058, -12.800878, 1.774166
0, 7.360354, 22.187131, -18.659028, 2.427043
0, 6.088787, 16.804416, -6.518310, 1.702790
0, 8.199000, 19.702284, -22.205397, 2.516890
0, 10.624913, 21.173830, -14.332161, 2.343401
0, 4.791084, 17.474489, -15.083930, 2.329988
0, 12.577326, 19.318565, -18.272337, 1.193959
0, 12.078735, 20.342988, -17.501571, 1.351853
0, 4.083471, 15.328021, -6.420691, 1.603399
0, 3.665958, 17.613908, -14.441165, 2.504793
0, 6.686375, 21.556417, -24.292247, 1.674051
0, 0.960676, 10.774916, -9.469697, 1.175138
0, 12.285735, 10.788462, -21.745684, 1.252631
0, 5.548573, 22.731569, -8.884900, 0.969948
0, 13.208374, 17.106266, -20.352806, 1.236389
0, 4.079605, 20.749747, -10.850728, 1.986544
0, 9.569801, 21.374397, -23.729736, 2.612172
0, 13.231289, 18.238266, -23.265526, 1.315588
0, 12.317555, 20.599861, -19.371835, 1.347400
0, 5.313685, 16.083341, -6.978061, 1.776314
0, 2.711271, 14.271034, -7.287108, 1.598486
0, 6.189128, 21.252923, -20.147951, 2.652344
0, 4.416984, 17.788314, -12.113857, 2.116422
0, 6.469437, 19.861910, -8.251320, 2.002583
0, 1.220166, 14.557520, -9.412088, 0.909968
0, 4.992913, 17.736558, -6.977416, 1.961021
0, 8.706312, 18.338334, -22.089887, 2.353451
0, 2.816516, 19.120459, -17.015327, 1.613752
0, 4.716634, 22.760592, -11.830447, 1.724870
0, 9.455586, 21.787737, -9.851592, 1.256546
0, 10.704376, 20.712830, -15.880612, 2.089266
0, 2.511481, 14.506636, -6.177205, 1.603658
0, 8.957753, 20.853379, -14.264758, 2.169610
0, 4.878165, 20.981685, -19.207056, 2.762170
0, 2.007189, 17.382987, -9.069106, 1.310384
0, 3.570054, 21.025584, -9.306183, 2.245721
0, 8.150203, 17.828460, -23.850481, 1.512589
0, 6.723299, 19.319710, -7.314001, 1.734685
0, 5.921430, 21.815947, -6.054027, 0.946422
0, 1.440630, 13.655276, -7.503228, 0.983639
0, 6.520936, 19.367420, -23.895798, 1.578679
0, 7.693958, 22.206377, -10.403575, 2.469472
0, 4.784547, 18.625997, -17.577802, 2.308858
0, 8.714198, 22.767706, -13.095354, 1.982772
0, 5.008051, 20.470950, -15.590000, 3.097664
0, 11.670849, 20.354712, -14.635590, 1.018371
0, 10.673327, 16.647231, -17.470058, 1.818233
0, 6.863968, 15.279977, -15.345818, 1.906531
0, 1.616352, 11.281445, -7.735607, 1.348632
0, 7.251840, 23.708857, -14.502002, 2.012697
0, 6.192094, 21.932509, -21.653978, 2.667017
0, 8.423993, 18.704481, -7.122694, 1.665431
0, 5.856776, 13.628059, -6.956899, 1.641168
0, 5.736332, 22.242394, -15.658833, 2.709093
0, 3.915629, 20.011364, -16.792132, 2.632823
0, 9.716852, 22.758542, -13.693102, 2.044096
0, 2.466918, 16.279718, -7.666629, 1.684178
0, 3.353569, 19.843040, -19.828251, 1.964838
0, 3.737688, 16.532574, -6.840478, 2.319981
0, 5.002252, 14.370207, -5.193672, 1.359807
0, 3.755158, 19.508457, -9.062010, 2.052995
0, 10.824708, 21.414701, -19.432979, 2.976190
0, 9.557863, 15.412249, -8.160408, 1.101234
0, 6.497802, 17.771851, -4.779060, 1.443671
0, 10.151143, 17.633762, -16.078526, 1.928155
0, 3.105020, 18.811934, -7.536617, 2.085758
0, 13.023238, 18.045547, -19.538391, 1.148539
0, 2.766291, 18.369522, -9.127874, 1.924570
0, 1.691638, 18.127764, -8.225281, 1.426913
0, 7.345764, 19.014925, -19.281325, 2.581761
0, 4.411127, 20.314644, -22.394179, 3.105549
0, 9.120229, 22.802817, -14.869308, 2.564778
0, 8.955385, 21.255652, -7.502914, 0.982657
0, 6.541530, 22.482714, -11.998924, 1.804579
0, 3.393098, 14.765386, -5.619859, 2.046137
0, 4.898966, 17.603222, -5.598847, 2.200818
0, 4.082482, 13.072428, -5.689488, 1.078726
0, 7.542971, 21.282400, -8.544171, 1.789120
0, 2.536142, 19.522159, -15.824318, 1.184367
0, 12.057102, 20.904935, -20.567153, 2.196455
0, 9.488162, 17.705161, -21.429250, 2.127574
0, 7.858099, 20.739960, -21.745428, 2.328685
0, 8.335277, 21.383380, -16.434398, 2.381026
0, 1.430648, 16.148568, -6.872662, 1.042899
0, 10.854475, 19.909629, -11.895049, 1.959156
0, 4.758395, 22.180250, -8.436931, 0.960088
0, 5.758685, 15.775819, -5.164703, 1.476779
0, 7.513778, 21.677620, -13.592257, 1.894784
0, 7.358280, 17.254392, -5.239593, 2.267639
0, 6.777865, 19.849515, -18.482414, 2.714885
0, 5.222343, 21.530024, -23.678128, 2.150523
0, 7.447607, 19.707590, -14.666459, 2.194742
0, 5.100450, 20.196013, -8.122911, 2.218494
0, 6.593613, 17.138413, -20.129371, 2.183795
0, 2.671873, 16.105973, -6.225503, 1.533092
0, 3.819426, 17.967157, -6.176749, 2.396082
0, 6.570437, 21.919561, -8.068797, 1.790504
0, 3.098909, 18.846526, -12.066834, 1.780636
0, 5.785492, 22.182395, -14.040861, 2.102759
0, 9.253621, 21.503177, -17.223246, 2.743696
0, 5.302463, 17.100860, -8.033343, 1.556886
0, 5.876073, 20.796949, -21.267747, 2.566902
0, 8.031939, 23.371417, -15.698841, 2.592190
0, 4.638274, 20.252106, -13.480589, 1.943536
0, 13.212448, 15.318966, -23.155022, 1.600505
0, 10.710914, 22.849819, -18.972091, 1.274150
0, 8.027703, 22.195569, -22.825075, 2.803756
0, 8.461588, 16.971219, -9.736442, 1.586976
0, 2.106859, 17.116127, -6.810047, 1.681354
0, 10.053538, 21.974901, -15.403670, 2.591379
0, 9.027863, 22.397015, -18.776415, 3.123078
0, 9.780905, 20.822518, -15.264477, 1.814486
0, 5.438999, 22.772195, -19.326176, 2.606931
0, 8.751213, 19.974647, -13.506967, 1.794268
0, 2.984342, 20.944390, -10.595723, 1.450982
0, 11.312855, 21.889056, -17.345892, 1.255260
0, 3.328759, 21.184946, -7.452323, 0.860721
0, 3.347497, 13.781093, -6.179013, 1.450253
0, 6.296134, 20.945079, -8.698462, 1.891063
0, 10.732495, 22.115019, -20.874726, 3.031412
0, 7.563927, 22.124922, -21.319904, 2.665508
0, 7.867956, 19.897077, -12.421030, 2.151868
0, 8.871483, 19.079209, -10.711971, 1.831497
0, 3.995209, 21.048261, -23.328300, 1.327373
0, 8.134775, 21.806729, -17.697902, 2.147623
0, 5.894523, 20.927551, -7.369403, 1.741404
0, 13.213820, 13.347614, -22.753386, 1.083847
0, 4.715891, 21.643064, -6.360849, 1.049828
0, 4.210292, 21.097550, -17.376928, 2.901244
0, 9.116703, 18.615405, -6.278308, 0.950049
0, 5.393130, 23.073915, -13.365954, 1.804592
0, 4.172294, 18.997644, -7.304612, 2.173540
0, 8.481710, 16.224226, -6.441250, 1.322505
0, 3.308915, 21.828728, -11.131595, 1.094491
0, 4.610102, 21.587075, -21.234820, 2.777124
0, 3.817467, 18.368982, -8.572527, 1.704590
0, 6.440796, 21.115534, -14.426889, 2.852151
0, 4.571828, 19.453322, -20.107997, 2.043998
0, 6.923343, 20.434881, -6.551808, 1.770040
0, 2.328067, 15.863641, -5.302065, 1.049088
0, 5.045194, 21.954623, -22.352344, 2.582677
0, 6.896977, 21.188335, -17.779971, 2.438117
0, 7.867522, 23.075935, -17.805219, 2.504388
0, 5.582971, 18.883222, -7.244801, 1.815303
0, 5.378103, 21.746633, -18.333085, 3.051928
0, 2.653073, 17.203408, -5.302076, 2.009012
0, 3.645775, 20.927428, -6.505930, 1.239876
0, 5.696441, 23.049596, -23.874658, 1.697866
0, 7.967440, 21.440767, -6.920121, 1.057245
0, 7.721805, 19.651344, -6.178773, 1.720926
0, 3.146668, 17.699411, -6.939234, 1.907280
0, 10.240091, 21.974443, -22.766014, 2.411406
0, 3.360066, 16.346690, -5.455680, 2.111947
0, 7.829794, 18.724811, -5.161158, 1.197498
0, 8.571119, 21.737671, -15.338738, 2.070387
0, 8.437851, 17.277864, -5.626563, 0.880886
0, 3.233613, 19.193176, -22.391067, 1.624189
0, 4.476386, 18.834314, -5.360577, 1.772683
0, 9.805178, 19.598161, -22.076583, 2.851364
0, 8.498061, 18.774941, -8.168603, 1.367030
0, 3.309942, 20.011073, -11.873430, 2.189028
0, 5.068108, 20.419113, -5.440970, 2.226193
0, 2.635982, 19.677300, -8.674831, 2.250264
0, 9.121273, 22.364424, -21.058577, 2.802167
0, 4.329372, 22.876746, -12.834230, 1.278277
0, 6.852482, 20.162773, -22.174730, 2.065158
0, 8.829095, 19.540825, -5.924540, 0.812925
0, 7.996251, 23.045241, -20.541958, 2.074675
0, 8.505623, 20.504053, -6.238342, 1.066917
0, 6.200925, 19.346252, -4.789837, 1.679266
0, 4.944691, 21.630808, -12.610692, 2.068815
0, 3.296914, 20.039713, -7.891009, 2.230748
0, 3.958100, 17.532997, -18.075164, 2.260843
0, 10.882220, 21.827654, -16.140944, 1.767416
0, 1.977770, 18.027454, -6.188101, 1.905180
0, 8.602804, 20.550096, -24.204965, 1.498247
0, 7.768139, 23.067291, -19.395462, 2.556016
0, 9.561760, 22.954248, -23.740257, 2.238231
0, 9.382726, 19.059050, -13.050535, 2.034941
0, 9.876439, 22.148039, -19.596359, 2.663906
0, 3.029615, 19.388635, -6.003711, 2.103939
0, 2.581659, 19.883180, -9.922462, 2.035858
0, 3.461041, 20.570363, -18.180427, 2.030365
0, 3.519935, 21.341027, -19.308969, 1.693212
0, 6.870709, 22.869411, -20.217792, 2.528377
0, 6.451352, 23.277109, -22.355075, 2.012582
0, 4.211501, 20.039704, -19.023709, 1.774349
0, 6.884884, 18.648461, -4.458088, 1.233186
0, 2.410995, 19.666246, -6.784316, 1.652928
0, 6.739587, 20.977576, -5.426836, 1.388652
0, 1.175066, 12.147676, -10.005097, 0.971822
0, 6.734965, 19.038030, -6.111754, 1.595210
0, 4.180252, 15.558970, -4.282925, 0.835496
0, 5.168917, 23.341382, -20.618484, 1.121332
0, 6.937855, 21.249300, -7.278589, 1.800614
0, 5.332419, 20.768820, -4.377970, 0.992638
0, 1.723331, 18.766101, -7.142588, 1.507089
0, 10.498889, 22.996744, -20.115700, 1.464367
0, 2.885056, 15.802120, -4.288820, 0.866921
0, 6.296942, 22.038618, -22.934299, 2.554790
0, 4.451843, 15.344190, -5.226033, 1.477358
0, 5.094076, 19.200217, -6.364262, 1.823077
0, 3.813030, 17.847203, -4.502194, 2.147117
0, 4.196820, 22.813308, -18.875613, 1.416839
0, 5.149104, 22.153108, -20.357003, 2.666984
0, 3.898306, 19.888398, -14.418593, 2.374423
0, 3.380531, 17.057173, -8.211941, 1.701336
0, 7.936038, 23.657670, -13.454375, 1.370363
0, 4.891877, 16.189107, -4.757681, 1.374560
0, 3.150069, 10.010120, -7.673876, 0.896865
0, 4.852563, 18.922727, -4.397997, 1.571843
0, 4.397149, 18.835978, -19.144930, 1.922447
0, 10.684300, 17.910781, -19.580613, 2.347753
0, 6.728276, 22.559244, -17.615043, 2.644260
0, 5.936302, 17.553720, -3.949117, 1.282777
0, 2.370252, 18.660034, -5.006668, 1.533916
0, 2.931017, 12.551610, -6.183992, 1.082319
0, 2.567171, 20.265464, -13.369511, 1.236677
0, 3.582550, 19.451643, -5.027997, 1.653394
0, 9.641502, 23.186356, -16.343400, 2.512272
0, 4.089792, 22.213448, -9.424084, 1.284453
0, 7.223451, 22.044118, -16.446209, 2.646319
0, 7.184303, 19.561301, -5.200174, 1.340401
0, 1.288248, 15.593464, -7.808322, 1.133144
0, 3.855951, 20.451639, -4.317547, 0.999201
0, 4.465074, 19.223970, -12.552603, 1.806393
0, 10.136951, 22.656406, -17.968822, 2.626177
0, 7.687161, 21.482907, -20.155129, 2.903310
0, 7.129666, 24.048197, -20.647451, 1.014597
0, 3.075673, 17.100903, -3.955057, 1.239290
0, 7.525197, 23.346668, -23.026370, 1.814797
0, 5.866864, 21.516750, -16.559612, 2.677245
0, 5.746440, 18.876769, -3.775662, 1.117942
0, 8.762423, 23.567634, -21.979423, 1.907727
0, 3.758232, 21.308926, -12.132383, 2.064906
0, 4.158611, 19.894250, -5.970910, 1.595183
0, 1.954964, 18.609072, -9.756656, 1.496531
0, 6.941313, 23.470376, -16.360207, 2.745406
0, 4.738009, 18.778874, -3.358277, 1.042806
0, 5.116092, 22.715441, -16.817914, 2.664108
0, 6.009109, 23.416851, -15.425800, 2.205871
0, 1.569085, 16.386802, -11.035729, 0.908191
0, 11.148602, 19.074585, -16.234113, 1.831328
0, 3.879747, 21.970304, -15.890801, 2.460939
0, 6.330523, 23.687168, -19.270227, 1.962319
0, 7.516933, 18.848017, -7.805978, 1.473835
0, 7.894532, 22.293305, -24.131425, 2.337590
0, 7.876319, 17.534272, -7.830535, 1.521187
0, 5.014566, 17.166587, -4.227912, 1.849468
0, 3.669559, 21.604330, -13.455860, 2.396530
0, 4.780036, 23.445661, -15.870762, 1.288803
0, 9.050033, 21.580816, -22.025846, 2.458910
0, 7.856851, 20.584152, -13.933360, 1.750964
0, 2.763388, 17.969066, -17.137955, 1.742087
0, 11.079747, 21.206067, -18.272555, 2.061143
0, 7.544706, 21.001897, -22.913279, 2.308546
0, 2.804224, 19.298845, -4.305687, 0.733792
0, 4.087443, 16.502299, -3.841920, 1.199802
0, 8.522578, 22.536563, -16.488080, 2.239123
0, 1.748699, 15.373981, -5.986581, 0.750867
0, 11.022586, 21.030346, -23.838712, 2.027071
0, 6.914446, 23.105021, -24.206803, 1.496594
0, 5.668413, 18.485805, -4.792724, 1.373741
0, 8.194205, 18.211077, -6.027857, 1.552416
0, 7.485036, 23.645805, -21.689362, 1.548586
0, 3.346327, 18.827528, -3.533769, 1.009189
0, 6.459658, 21.259792, -18.845561, 2.536096
0, 3.837929, 14.257971, -7.418929, 1.295365
0, 4.602031, 23.054091, -14.574611, 1.961036
0, 3.147364, 21.076632, -16.411226, 1.158316
0, 5.164572, 18.139164, -7.979728, 1.463584
0, 4.658084, 21.769811, -14.683584, 2.897686
0, 12.669153, 16.837895, -16.152242, 0.965531
0, 8.962318, 23.867091, -20.312892, 1.926214
0, 4.010953, 18.021199, -3.368179, 1.491633
0, 3.455687, 20.449380, -5.426056, 1.103602
0, 3.267963, 21.514224, -14.747861, 1.464618
0, 10.708059, 22.310159, -23.968688, 1.062366
0, 5.684401, 23.783901, -16.875368, 1.301912
0, 2.740790, 18.111079, -4.126070, 0.964670
0, 5.177394, 12.370471, -9.154893, 1.498993
0, 9.411176, 23.687887, -18.375140, 1.995002
0, 6.189709, 19.909188, -5.671773, 1.537654
0, 6.180098, 23.910700, -17.999477, 1.552274
0, 4.912955, 19.687689, -3.748621, 1.102998
0, 3.846458, 22.488923, -17.720096, 1.497268
0, 8.324951, 23.967769, -16.796300, 1.741895
0, 10.144378, 22.913160, -21.813866, 2.149548
0, 10.386092, 21.203603, -17.153044, 2.085636
0, 8.338382, 21.930326, -8.229140, 0.896146
0, 5.049669, 23.635021, -17.916750, 1.217949
0, 11.311406, 13.326928, -23.187640, 1.405723
0, 7.792493, 24.201681, -18.447361, 1.477928
0, 3.652309, 21.686938, -8.337743, 0.880695
0, 4.993014, 23.016074, -21.774913, 1.206208
0, 1.853530, 16.749368, -5.773009, 0.865642
0, 5.358430, 19.920883, -7.050668, 1.473048
0, 6.065394, 23.710877, -21.320733, 1.083438
0, 6.634038, 22.689743, -13.545453, 1.764535
0, 2.212384, 19.525605, -12.636796, 0.988004
0, 2.784280, 20.820245, -12.410056, 0.925815
0, 3.665801, 19.971105, -13.039126, 1.701360
0, 11.526837, 21.869135, -22.865165, 1.332901
