0, -5.465528, 20.890020, -14.862290, 1.700337
0, -5.540391, 20.233557, -13.079484, 1.501411
0, -4.169254, 21.717861, -16.073683, 1.810697
0, -3.688491, 22.071712, -17.388304, 2.004428
0, -5.077327, 20.009851, -11.601835, 1.322515
0, -4.835069, 21.869616, -17.062143, 1.622604
0, -4.644800, 22.304292, -13.674685, 1.355321
0, -6.286346, 23.316315, -17.401983, 2.071917
0, -6.983319, 24.066195, -18.166428, 1.578070
0, -7.004988, 20.341628, -12.238504, 1.814205
0, -5.356611, 21.952513, -15.867832, 1.795971
0, -5.120529, 18.503897, -11.362443, 1.572029
0, -4.644573, 22.894553, -15.013935, 1.780500
0, -6.941418, 22.189347, -14.623154, 1.833460
0, -3.236111, 22.623218, -16.079813, 1.634536
0, -4.947641, 23.216220, -16.871012, 2.571122
0, -6.390173, 22.578155, -15.646975, 1.916769
0, -3.062756, 20.462208, -15.243683, 1.804111
0, -6.572656, 23.948277, -16.002395, 1.896169
0, -6.964317, 19.163593, -11.941422, 1.720911
0, -6.677282, 19.293092, -14.943497, 1.625216
0, -4.090442, 22.104004, -18.640534, 2.244125
0, -5.298948, 24.010129, -17.914250, 2.141539
0, -6.806379, 23.040453, -18.571748, 2.163955
0, -7.708381, 23.277302, -15.685675, 1.289921
0, -7.603449, 22.617748, -17.741156, 1.614459
0, -5.492594, 22.501643, -17.941225, 2.070053
0, -4.971131, 21.310654, -19.743336, 2.047748
0, -4.245975, 20.911985, -14.979393, 1.608275
0, -5.673917, 24.591894, -15.853685, 1.521730
0, -7.723209, 21.753196, -18.845277, 1.923057
0, -5.579435, 19.581630, -15.052456, 1.665067
0, -4.806745, 20.606337, -18.305410, 2.248245
0, -5.717684, 23.427412, -15.248629, 1.983026
0, -4.250161, 23.541592, -14.275566, 1.806289
0, -7.833662, 22.815427, -13.658266, 1.192985
0, -5.490642, 24.529530, -18.914884, 1.860022
0, -5.058777, 24.627400, -16.682347, 1.924204
0, -5.474229, 21.020582, -11.294988, 1.292828
0, -3.049207, 23.505442, -18.771509, 1.893246
0, -5.410018, 24.523544, -14.145080, 1.684531
0, -4.480908, 18.429128, -13.976706, 1.696616
0, -2.550819, 18.826355, -14.911956, 1.860611
0, -7.262868, 19.549945, -10.567806, 1.387524
0, -2.433009, 21.937422, -14.954640, 1.849890
0, -6.164640, 18.076131, -16.152752, 2.114073
0, -5.054272, 21.751923, -11.986133, 1.569615
0, -6.288088, 22.246821, -13.369976, 2.040536
0, -4.554003, 18.933165, -14.981592, 1.480106
0, -3.716295, 21.873486, -13.428240, 1.621384
0, -2.482978, 21.102334, -14.075173, 2.092678
0, -6.458480, 21.726752, -19.003361, 2.266814
0, -3.860662, 24.823965, -16.674766, 1.209232
0, -7.705260, 18.226734, -16.846784, 2.299565
0, -8.131804, 18.234172, -15.615856, 1.740333
0, -5.680876, 22.813083, -14.063227, 1.687671
0, -6.722013, 20.791495, -16.126391, 1.763631
0, -1.176580, 18.908376, -13.889820, 1.697964
0, -4.496088, 24.960026, -15.004646, 1.384240
0, -2.747339, 24.070223, -15.129859, 1.366296
0, -2.301595, 18.944629, -13.471879, 1.533371
0, -7.164259, 21.752594, -17.214790, 1.957572
0, -3.463995, 22.912798, -17.981277, 1.688569
0, -5.211463, 17.515004, -11.592459, 1.100456
0, -1.651160, 17.993215, -13.673536, 1.741271
0, -4.759363, 19.639359, -16.221106, 1.846999
0, -8.297488, 21.469037, -12.166985, 0.740626
0, -7.362203, 23.715932, -17.119261, 1.559256
0, -2.939410, 22.241140, -19.102058, 2.113014
0, -4.349572, 23.444077, -18.568695, 2.168625
0, -5.084094, 21.511655, -10.459523, 1.816099
0, -3.822326, 24.425991, -17.720171, 1.769042
0, -2.883785, 24.366959, -13.345439, 1.140542
0, -1.388274, 20.946240, -18.822520, 2.198250
0, -0.642338, 19.950556, -13.957338, 1.449468
0, -6.354613, 18.982997, -10.658773, 1.439225
0, -5.571586, 20.074409, -17.243655, 1.818710
0, -8.468649, 22.308157, -15.196466, 1.363863
0, -3.442057, 18.819848, -16.588331, 2.012343
0, -7.248143, 24.056231, -15.135502, 0.606010
0, -7.328033, 23.282764, -14.418322, 1.218968
0, -6.118445, 21.786591, -11.695623, 1.380933
0, -7.380194, 21.867588, -15.651664, 1.938390
0, -4.030331, 23.557101, -15.686091, 2.049129
0, -3.617960, 23.559877, -16.877593, 1.690748
0, -6.733851, 17.702915, -17.809540, 2.242612
0, -3.595224, 18.000687, -12.300610, 1.528463
0, -2.679645, 16.870955, -14.535622, 1.966819
0, -1.396958, 22.000401, -17.219520, 1.571609
0, -8.323245, 20.244774, -11.820104, 1.765496
0, -3.393490, 20.593125, -17.570566, 2.013157
0, -7.492091, 19.396949, -15.956175, 1.858708
0, -1.735474, 22.626778, -19.515921, 1.944564
0, -4.404941, 22.786226, -21.059524, 2.001211
0, -4.211314, 20.562494, -16.111668, 1.553349
0, -6.206614, 24.350596, -14.876151, 1.012948
0, -6.599469, 20.353723, -10.805996, 1.588813
0, -6.298764, 19.850282, -11.702694, 1.350081
0, -2.400635, 22.796891, -16.940771, 1.932432
0, -4.465614, 21.177331, -13.307289, 1.220169
0, -8.249097, 23.305543, -16.604530, 0.819661
0, -3.495335, 22.239186, -14.489340, 1.638246
0, -6.187583, 22.546492, -20.352117, 2.203723
0, -1.602995, 23.616274, -16.557163, 1.440581
0, -9.168196, 17.246653, -17.857751, 1.780304
0, -2.708974, 21.038693, -16.514528, 2.281574
0, -4.328153, 19.221333, -10.812043, 1.439901
0, -6.124980, 23.579278, -13.049833, 1.808313
0, -6.630880, 18.160659, -14.634679, 1.523931
0, -7.749340, 20.454667, -17.133312, 1.673981
0, -6.974277, 21.146267, -14.586969, 1.933835
0, -0.178460, 19.382693, -12.162045, 1.306208
0, -7.386935, 22.646511, -16.596858, 1.595037
0, -4.698023, 22.515905, -12.638072, 1.572128
0, -3.435337, 24.514632, -19.271071, 1.348841
0, -2.777606, 17.910774, -15.900631, 1.499423
0, -6.560956, 22.572714, -12.229814, 1.811533
0, -3.346509, 24.977688, -15.754446, 0.738420
0, -7.938779, 21.624000, -13.902092, 1.774751
0, -7.943031, 18.477084, -14.615236, 1.586624
0, -4.720477, 17.345162, -10.741005, 1.628006
0, -4.629545, 19.430660, -18.748447, 2.095529
0, -3.738620, 16.917661, -12.932838, 1.515048
0, -2.952881, 19.954184, -14.003195, 1.756073
0, -4.722666, 16.752826, -13.457994, 2.077646
0, -5.415665, 21.578540, -13.279226, 1.413535
0, -6.144325, 20.643957, -18.494305, 1.731931
0, -6.938405, 22.372700, -11.045616, 1.546961
0, -3.631068, 19.740942, -15.902470, 1.599183
0, -3.747767, 23.024533, -12.215071, 1.633066
0, -5.569211, 18.700474, -14.472995, 1.491720
0, -0.869702, 20.609452, -16.732276, 2.009465
0, -2.714706, 20.635117, -18.615338, 1.829581
0, -3.511826, 19.130099, -13.754178, 1.710060
0, -4.389366, 24.469842, -12.868259, 1.364949
0, -6.452770, 23.610841, -14.018335, 1.513579
0, -3.130257, 17.715349, -13.349516, 1.430537
0, -5.257282, 22.908461, -19.444471, 2.548276
0, -5.378117, 23.717786, -12.327231, 1.345124
0, -5.342149, 16.690568, -12.383194, 1.582453
0, -6.267774, 22.098471, -10.306225, 1.538729
0, -7.270804, 22.957836, -20.206364, 2.001084
0, -5.111958, 21.857956, -14.634910, 1.811096
0, -1.564455, 23.454293, -18.527581, 1.537845
0, -4.585509, 24.159493, -11.706608, 0.819229
0, -2.842766, 21.382418, -20.272642, 2.019736
0, -1.016953, 22.724912, -15.512505, 1.446454
0, -2.979718, 22.834111, -13.832626, 1.674151
0, -4.940675, 23.458618, -13.177658, 1.443983
0, -4.380436, 20.918054, -17.186738, 1.688086
0, -6.083388, 21.392683, -17.497309, 1.812656
0, -3.898775, 23.034409, -20.000197, 2.308896
0, -1.520546, 19.361062, -16.673868, 1.630684
0, -3.085157, 19.660640, -19.038798, 2.173361
0, -7.006552, 21.186749, -10.171447, 1.760174
0, -4.808251, 20.301979, -13.861720, 1.718874
0, -2.755998, 19.160523, -10.333261, 1.690134
0, -3.921942, 23.309818, -13.360122, 1.438040
0, -3.498605, 17.130054, -16.632901, 1.920069
0, -0.774825, 20.243697, -12.612289, 1.722174
0, -7.690377, 18.680376, -10.544759, 1.184113
0, -2.695753, 23.429713, -20.347227, 1.868735
0, -0.870788, 17.197395, -14.513262, 1.837695
0, -7.965898, 20.497541, -16.062941, 2.004175
0, -6.097634, 20.803491, -13.711897, 1.823631
0, -1.845543, 23.417427, -13.834383, 1.629909
0, -5.849091, 20.086761, -9.566621, 1.271245
0, -2.153724, 18.502772, -11.361901, 1.672631
0, -3.360972, 18.998629, -9.220115, 1.673995
0, -1.587993, 22.243328, -18.284685, 1.971588
0, -2.884621, 23.673637, -16.080789, 1.345218
0, -5.329688, 21.077057, -16.533112, 1.370890
0, -5.943402, 16.985146, -11.166944, 1.312951
0, -8.601812, 20.780234, -14.683415, 2.032748
0, -7.335227, 20.972794, -13.000273, 1.780101
0, -5.424162, 21.747879, -18.757014, 1.727207
0, -2.494104, 23.720512, -17.468442, 1.722449
0, -6.186908, 16.745768, -10.246942, 1.690973
0, -5.449616, 17.683324, -13.932699, 1.670838
0, -1.403447, 21.027854, -15.140865, 1.789297
0, -1.785515, 18.162138, -16.706608, 1.495493
0, -4.879269, 17.679122, -14.802550, 1.604701
0, -4.451792, 24.947776, -19.741324, 1.005964
0, -5.522864, 22.814638, -11.291946, 1.631224
0, -2.588462, 20.887749, -12.289332, 1.544192
0, -4.782850, 16.439313, -10.117044, 1.428987
0, -1.058911, 23.002976, -17.530626, 1.152219
0, -5.667869, 23.996833, -19.936598, 1.988304
0, -3.736392, 17.439184, -14.407633, 1.667397
0, -1.877488, 22.504015, -13.023992, 1.562263
0, -1.322025, 21.000647, -17.667981, 1.900498
0, -0.410373, 21.908210, -17.730244, 1.086500
0, -3.671555, 20.678516, -11.246383, 1.525002
0, -3.987619, 22.281164, -11.164920, 2.031229
0, -5.008833, 17.426145, -16.288728, 1.808804
0, -3.895304, 23.020113, -22.070780, 1.178771
0, -5.138059, 23.853628, -20.920591, 1.855419
0, -1.552968, 16.333347, -15.428139, 2.251115
0, -8.610429, 19.040351, -16.041191, 1.596912
0, -7.511570, 16.593735, -16.482665, 1.746317
0, -0.941887, 18.142247, -17.505727, 1.605236
0, -2.926018, 24.071152, -12.131929, 0.900497
0, -1.555040, 18.919537, -10.084805, 1.611964
0, -7.616220, 22.284223, -12.465202, 1.395137
0, -1.156684, 22.393519, -14.169784, 1.844679
0, -6.207552, 24.928106, -17.346603, 1.184162
0, -4.578570, 17.736804, -17.572329, 1.907576
0, -3.024441, 19.678483, -12.241054, 1.644254
0, -3.661653, 20.956861, -12.718902, 1.457400
0, -1.744100, 19.606838, -19.891518, 1.928570
0, -3.776359, 16.165076, -11.004014, 1.467075
0, -6.800293, 24.034254, -20.341073, 1.602535
0, -1.503551, 21.610041, -16.016796, 1.854581
0, -7.852172, 21.271796, -11.271121, 1.261777
0, -0.436443, 21.684433, -14.985481, 1.015113
0, -3.060583, 22.565778, -20.955729, 2.113442
0, -1.995989, 20.090971, -15.639301, 1.785903
0, -9.182129, 18.103725, -15.743479, 1.758095
0, -4.254426, 22.909089, -9.935283, 1.704231
0, -2.219138, 20.159962, -8.558359, 1.421662
0, -5.620826, 23.400561, -21.830217, 1.254797
0, -2.088933, 19.985450, -12.635443, 1.609202
0, -4.875614, 20.254362, -20.012932, 2.050992
0, -6.189549, 23.668807, -11.553676, 0.911388
0, -8.950976, 20.330465, -13.074841, 1.035282
0, -5.562183, 17.984091, -10.215330, 1.500286
0, -4.671136, 19.144636, -17.450554, 2.113581
0, -8.803804, 21.681418, -15.978546, 1.629709
0, -7.886190, 19.952594, -14.799659, 1.776070
0, -6.594844, 17.880705, -9.591407, 1.370517
0, -8.087368, 20.429416, -10.323683, 1.057044
0, -6.230657, 20.825396, -21.295987, 1.258522
0, -5.684953, 20.450641, -15.777763, 1.378558
0, -2.850334, 16.310483, -16.596275, 2.035504
0, -3.680736, 21.061211, -19.370943, 2.199469
0, -0.410526, 19.833384, -8.374495, 0.692193
0, -3.891661, 24.114812, -20.385809, 1.823985
0, -0.949086, 22.127095, -12.614863, 1.168268
0, -3.383014, 17.493306, -9.440706, 1.655183
0, -2.569065, 21.574044, -17.996577, 2.047297
0, -2.560505, 18.081251, -12.396163, 1.582584
0, -3.258707, 21.677048, -12.106950, 1.686235
0, -3.958989, 19.866547, -12.999487, 1.754670
0, -3.399315, 18.435584, -18.016149, 1.897744
0, -0.269986, 18.461644, -12.635058, 1.768953
0, -5.808193, 23.088224, -9.988169, 1.346640
0, -3.340422, 23.795155, -21.285063, 1.966052
0, -6.622472, 19.046490, -8.454512, 1.306795
0, -2.816608, 24.609150, -16.803394, 0.923823
0, -9.216599, 19.821702, -14.991728, 1.684819
0, -1.850459, 18.995946, -12.509935, 1.498484
0, -1.447464, 23.360914, -21.768439, 1.111667
0, -3.529018, 23.952909, -11.160528, 0.925595
0, -8.664705, 22.987397, -17.677456, 0.861559
0, -1.331380, 17.284878, -12.694692, 1.296416
0, -6.605729, 19.542626, -13.713971, 1.839235
0, -2.270156, 19.623563, -17.387040, 1.719178
0, -6.149743, 19.221123, -16.842213, 1.879079
0, -5.933361, 18.837220, -17.939725, 1.952448
0, -9.231297, 20.179683, -16.356923, 1.696656
0, -1.240208, 18.196695, -12.269314, 1.303482
0, -4.467391, 15.586762, -16.378308, 2.157223
0, -6.355972, 16.719529, -16.709101, 2.031121
0, -3.546279, 18.284020, -15.342126, 1.813585
0, -1.673704, 22.254056, -11.485152, 1.392975
0, -0.759621, 19.218589, -15.791299, 1.654305
0, -8.313106, 20.144018, -18.861667, 1.965833
0, -4.596408, 18.408074, -16.470570, 1.792040
0, 0.195544, 19.612456, -15.379950, 0.985141
0, -5.632686, 19.204035, -13.191475, 1.805491
0, -4.095910, 18.417939, -10.004002, 1.584218
0, -1.521617, 18.000248, -10.626413, 1.509749
0, -1.679041, 23.851434, -14.772113, 0.948012
0, -8.064730, 23.152770, -18.855145, 1.768612
0, -6.287137, 20.335962, -19.719251, 2.148509
0, -8.550325, 17.556131, -14.765607, 1.490773
0, -1.232524, 21.440689, -13.705773, 1.682731
0, -0.625369, 19.289706, -6.824577, 0.803665
0, -7.491861, 19.202108, -13.193339, 1.737655
0, -4.044475, 21.900925, -9.528412, 1.475047
0, -9.901092, 18.330515, -14.961718, 0.889157
0, -4.661731, 16.654021, -16.952523, 1.529537
0, -1.498951, 21.103031, -11.681138, 1.515359
0, -5.405700, 15.670649, -10.699815, 1.132894
0, -6.737855, 18.851892, -9.493080, 1.224067
0, -2.363396, 22.762065, -21.902340, 1.696621
0, -5.605410, 19.880325, -18.989586, 1.755097
0, -2.651124, 15.965657, -13.148455, 1.723716
0, -0.970731, 21.818154, -19.843744, 2.275333
0, 0.261491, 18.099289, -14.772689, 1.261343
0, -7.796606, 19.143034, -17.433041, 1.968540
0, -2.452995, 22.756782, -11.983373, 1.278125
0, -6.787194, 21.101193, -8.837333, 1.320857
0, -5.361712, 16.490450, -17.735908, 1.888886
0, -2.652726, 19.639311, -20.646747, 1.999518
0, -9.691213, 19.086855, -16.273525, 1.474443
0, -4.707767, 24.428333, -21.806819, 1.196934
0, -3.464788, 16.998418, -15.441043, 1.878671
0, -3.461221, 24.569992, -14.501633, 1.345041
0, -0.290713, 20.123485, -17.713502, 2.205906
0, -2.199826, 18.600098, -19.749680, 2.257237
0, -5.933771, 21.045846, -10.067275, 1.342387
0, -3.211050, 23.101492, -14.986937, 1.416019
0, -7.820133, 20.317885, -13.705529, 1.694518
0, -1.797418, 23.787860, -19.687554, 1.149014
0, -5.275356, 23.760004, -10.980475, 0.847046
0, -6.962991, 17.311119, -15.267742, 1.828562
0, -8.674341, 19.100474, -12.009181, 1.596240
0, -5.917584, 17.793928, -12.227564, 1.599218
0, -0.155356, 21.091687, -16.164599, 0.845519
0, -1.625930, 20.500220, -20.807439, 2.204694
0, -7.099659, 21.536798, -11.940999, 1.409852
0, -8.349071, 17.256516, -17.136560, 1.927872
0, -1.867964, 19.776733, -18.504182, 2.073700
0, -10.092550, 16.848461, -16.542370, 1.045593
0, -0.298881, 18.971708, -18.665657, 2.529487
0, -1.940012, 21.466937, -12.948904, 1.745599
0, -2.491507, 20.024943, -11.407780, 1.724274
0, -8.829883, 22.045413, -17.034738, 1.489534
0, -0.299337, 21.646428, -13.219778, 0.695819
0, -3.319910, 18.941072, -20.065111, 1.889887
0, -2.483160, 19.047978, -8.666722, 1.545860
0, -4.687618, 19.109768, -12.241253, 1.702036
0, -4.001827, 15.771305, -10.068640, 1.281223
0, -5.820000, 17.695511, -17.127710, 1.668589
0, -6.944636, 17.155874, -11.281078, 1.610422
0, -2.229296, 22.981512, -15.521467, 1.649861
0, -2.882851, 23.108582, -12.872031, 1.410401
0, -7.020647, 18.084876, -7.778773, 1.000730
0, -8.476301, 19.404286, -10.642117, 1.000687
0, -1.140109, 16.814162, -16.248604, 1.428731
0, -8.358688, 23.304830, -20.867348, 1.415466
0, -3.005809, 20.077960, -9.846316, 1.404885
0, -2.012733, 21.955001, -21.160954, 2.189577
0, -6.491456, 19.631201, -15.942658, 1.356634
0, -1.733542, 17.757556, -15.112030, 1.960356
0, -5.478496, 22.270793, -21.721822, 0.976046
0, -3.038726, 16.911247, -17.701723, 1.887583
0, -2.007992, 21.356032, -19.600096, 1.861795
0, -2.899814, 20.634410, -21.392914, 1.823459
0, -7.671901, 19.781659, -20.644543, 1.611900
0, -9.688621, 17.899912, -17.038025, 1.794522
0, -4.291995, 24.958255, -18.624404, 0.989007
0, -5.230549, 16.157657, -15.205794, 1.617509
0, -2.181886, 24.022051, -21.089803, 0.926255
0, -2.599482, 20.866570, -10.403920, 1.549042
0, -2.397011, 16.949701, -11.969409, 1.551876
0, -1.662656, 23.300003, -12.233129, 0.866982
0, -7.898348, 21.704373, -20.275821, 2.127318
0, -6.254619, 20.289473, -8.418820, 1.344130
0, -8.882367, 17.918140, -11.586692, 1.152264
0, -3.455760, 19.503189, -17.923616, 1.857599
0, -5.776727, 21.002024, -12.406734, 1.459715
0, -9.104839, 18.387722, -18.052934, 1.592246
0, -3.433374, 18.709611, -11.319585, 1.649322
0, -0.058971, 18.599135, -16.993717, 1.588945
0, -3.367168, 15.901084, -14.054452, 2.003380
0, -7.293382, 20.548766, -19.321112, 1.883977
0, 0.082203, 17.917322, -10.068320, 1.433982
0, -9.207668, 16.578826, -14.393784, 1.899296
0, -8.289393, 19.244648, -13.983251, 1.417250
0, -5.153286, 18.311317, -12.814425, 1.502029
0, -1.488841, 16.344165, -13.682644, 1.766518
0, -6.529065, 20.320170, -15.187531, 1.399051
0, -9.004218, 22.026447, -20.684979, 1.549145
0, -9.501534, 21.995522, -18.887787, 1.364272
0, -8.796799, 20.913772, -18.112933, 1.631305
0, -4.093165, 16.000707, -12.505836, 1.789993
0, -7.531179, 16.269057, -17.507882, 1.834728
0, -2.477166, 18.305582, -17.532241, 1.719649
0, -4.977409, 20.099717, -21.399897, 0.996837
0, -6.438898, 16.216670, -11.529769, 1.205894
0, -0.884018, 22.544621, -22.429465, 0.596295
0, -0.234928, 18.681302, -11.190375, 1.572671
0, -7.502978, 20.901453, -18.179884, 1.727401
0, -5.903266, 20.880918, -7.499089, 1.073492
0, -3.156022, 22.279436, -10.028404, 1.586858
0, -9.234108, 19.655677, -13.988204, 1.003086
0, -6.943924, 17.498435, -13.723771, 1.414097
0, -6.097496, 21.962318, -9.220267, 1.464588
0, -3.860149, 19.835936, -11.740293, 1.275653
0, -9.437850, 16.851890, -15.654045, 1.868923
0, 0.038273, 17.801255, -11.563404, 1.438638
0, -3.930705, 18.068941, -19.287563, 1.995960
0, -4.561466, 14.902752, -14.590768, 2.370340
0, -6.727626, 24.132084, -19.241583, 1.560825
0, -4.649318, 19.462740, -9.592286, 1.509780
0, -3.193454, 17.974210, -10.648314, 1.622325
0, -7.070339, 16.219680, -10.678635, 1.234295
0, -1.036200, 23.081316, -20.447522, 1.261123
0, -2.133815, 18.877877, -15.845812, 1.567128
0, -0.055735, 19.233884, -9.047606, 1.069850
0, -3.631510, 17.100956, -18.911961, 1.526256
0, -4.633615, 20.742981, -12.255628, 1.435655
0, -1.492046, 17.125221, -17.495360, 1.955128
0, -7.559251, 18.444360, -18.593873, 2.036202
0, -4.863304, 20.828849, -8.280535, 1.334204
0, -8.578484, 18.018663, -12.749032, 1.454593
0, -1.271079, 19.629708, -14.892496, 1.568966
0, -1.590372, 19.964313, -9.291700, 1.515786
0, -9.349989, 18.525397, -19.341232, 1.822369
0, -7.438788, 18.304013, -9.008620, 1.153351
0, -5.861288, 13.782037, -15.458620, 1.663401
0, -6.735884, 20.142005, -17.117042, 1.765021
0, -1.073896, 21.029121, -8.531366, 0.879052
0, -0.121191, 20.867414, -14.185488, 0.809662
0, -4.133372, 19.452723, -20.864271, 1.783944
0, -1.857153, 14.807850, -12.639193, 1.876268
0, -0.288162, 19.013656, -21.508320, 0.793849
0, -1.021130, 17.584965, -19.833997, 2.384996
0, -7.910073, 16.643718, -15.527870, 1.710608
0, -6.744627, 22.202878, -21.277161, 1.643191
0, -6.012638, 24.576779, -21.146376, 1.242413
0, -6.343008, 15.214557, -14.084213, 1.761056
0, -5.789885, 21.543503, -20.523496, 1.956559
0, -5.446047, 19.971512, -10.667262, 1.314395
0, -2.222107, 17.070580, -18.861549, 1.789789
0, -7.830967, 18.066981, -12.102117, 1.434676
0, -0.714163, 20.170371, -19.760585, 2.031396
0, -0.719603, 18.264002, -15.215211, 1.579493
0, -0.897422, 21.429281, -21.843367, 1.762572
0, -6.321639, 16.946329, -13.028471, 1.882738
0, -2.307407, 23.135976, -11.060016, 1.109653
0, -5.615394, 16.131219, -16.223756, 1.615106
0, -5.780171, 19.303326, -21.040722, 1.318087
0, -4.079309, 20.343126, -9.490025, 1.571867
0, -4.650673, 21.620006, -20.993103, 2.209931
0, -0.521585, 16.974939, -13.222657, 1.553811
0, -7.089624, 19.681024, -18.627474, 1.959495
0, -0.759189, 13.559822, -11.835309, 1.889424
0, -7.508580, 17.830651, -10.023033, 1.127537
0, 0.100076, 16.004101, -14.782428, 2.042405
0, -8.260525, 22.600932, -19.803895, 1.868682
0, -1.751038, 19.947407, -13.948802, 1.774885
0, -4.810284, 17.859288, -9.610829, 1.297090
0, -3.560847, 21.155019, -10.259287, 1.432306
0, -5.697235, 19.334876, -8.784478, 1.137790
0, -8.515039, 17.035414, -13.286331, 1.525054
0, -7.976793, 18.560910, -19.761167, 2.285086
0, -7.328035, 23.973979, -21.580943, 1.120624
0, -1.805969, 13.902781, -10.399705, 1.183128
0, -4.869952, 16.470837, -18.715248, 1.928885
0, -3.912438, 16.361265, -9.289461, 1.315434
0, -8.577718, 17.975579, -10.461258, 0.862635
0, -5.728628, 16.351062, -14.340451, 1.964055
0, -1.023265, 17.604971, -7.157311, 1.368910
0, -4.327087, 13.665975, -14.767947, 1.640614
0, -9.506845, 15.321385, -15.405038, 1.588988
0, -6.035529, 21.694473, -7.983012, 0.867207
0, -9.348869, 21.120285, -16.946049, 1.218058
0, -5.269466, 15.033372, -13.272705, 2.092240
0, -7.436334, 20.309123, -8.909229, 0.888834
0, -3.284247, 15.053395, -14.960175, 1.848042
0, -4.666351, 20.627332, -10.684263, 1.445861
0, -6.337789, 15.361956, -16.290164, 1.716893
0, -10.141572, 18.917723, -18.306818, 1.603126
0, -7.011277, 18.047659, -12.683284, 1.595369
0, -3.133394, 16.020727, -12.018253, 1.381416
0, -5.713838, 17.475135, -19.359641, 1.875800
0, -6.949889, 18.437147, -11.254326, 1.516274
0, -4.136475, 16.284422, -15.046689, 2.160339
0, -1.170070, 18.909339, -11.524393, 1.294084
0, -5.252233, 18.438368, -20.492124, 1.731773
0, -2.321652, 15.606870, -14.848070, 1.965386
0, -2.996646, 14.218306, -11.240320, 1.630535
0, -7.509218, 20.964177, -20.997313, 1.315947
0, -4.898024, 14.130777, -15.509822, 1.587805
0, -1.981770, 14.253813, -13.700969, 1.748120
0, -1.850062, 18.205764, -18.375138, 2.079170
0, -7.149208, 16.189575, -14.203381, 1.564814
0, -6.521461, 18.511803, -7.069815, 0.868278
0, -7.591589, 16.381028, -13.066239, 1.794537
0, -3.459036, 15.998296, -18.457917, 1.597039
0, -4.131243, 19.844273, -14.754604, 1.656735
0, -3.155985, 15.465974, -17.577442, 1.612473
0, -0.538885, 21.182178, -11.135136, 0.806922
0, -7.050194, 19.309323, -19.860161, 1.726114
0, -4.016987, 20.949125, -21.620527, 1.304492
0, -10.074016, 19.887604, -17.709436, 1.240557
0, -7.562295, 17.072604, -18.347978, 1.938525
0, -6.051801, 22.007579, -16.644898, 1.665476
0, -7.428844, 17.306327, -19.959058, 2.077443
0, -1.732850, 21.771838, -9.288019, 1.645303
0, -5.689475, 15.133044, -15.369938, 1.712051
0, -3.800939, 20.825493, -14.038477, 1.491389
0, -1.965026, 21.342252, -22.089573, 0.956580
0, 0.177654, 17.115738, -16.935485, 1.704616
0, -8.626119, 16.633508, -10.774736, 1.053356
0, -2.245779, 17.103273, -13.470448, 1.513839
0, -1.394879, 19.138222, -17.754963, 1.605431
0, -10.195069, 16.858284, -18.202261, 1.295025
0, -2.299339, 18.234351, -9.256869, 1.533897
0, -6.887587, 19.932594, -7.699178, 0.731660
0, -1.459078, 18.131601, -21.039994, 1.924455
0, -5.676463, 17.349609, -9.091191, 1.308287
0, -6.130628, 15.921617, -12.551455, 1.594790
0, -9.091004, 19.226188, -12.929639, 1.143258
0, -6.418418, 15.297192, -17.366368, 1.581367
0, -1.243396, 19.815153, -7.738373, 1.421537
0, -5.465226, 18.323032, -8.982403, 1.427079
0, -1.692392, 21.437598, -10.783705, 1.428167
0, -2.393227, 17.168135, -20.015498, 2.013110
0, -7.406551, 15.101619, -17.691585, 1.747228
0, -9.410060, 17.934592, -13.436778, 1.135091
0, -1.453629, 16.241806, -6.598880, 1.264891
0, -2.603116, 17.106110, -7.302694, 1.400724
0, -8.332531, 16.787038, -12.126153, 1.776734
0, -8.739943, 15.725101, -12.973649, 1.731314
0, -7.275578, 15.234984, -14.518813, 1.362430
0, -5.230999, 21.293484, -9.046101, 1.562846
0, -5.919686, 17.340836, -15.085621, 1.602304
0, -8.240477, 15.979437, -14.542713, 1.676668
0, -9.022178, 21.015624, -19.575273, 2.085403
0, -5.557594, 16.159135, -9.239457, 1.508042
0, -5.478965, 17.952458, -18.375317, 1.955017
0, -8.843918, 15.924367, -15.916938, 1.441446
0, -8.670235, 17.086167, -19.882742, 1.246340
0, -5.550338, 15.539098, -18.988501, 2.077107
0, -6.906546, 14.573343, -15.234591, 1.748798
0, -9.268563, 19.358974, -20.215495, 1.332793
0, -0.108754, 18.028211, -20.876036, 1.320064
0, -0.090057, 16.704511, -8.342178, 1.490701
0, -0.238100, 20.619025, -20.619970, 1.213925
0, 0.115641, 19.447221, -10.322267, 1.003234
0, -0.419660, 17.301606, -15.464488, 1.449817
0, -4.753605, 13.679788, -13.184485, 1.650977
0, -5.717581, 14.135202, -14.290004, 2.229224
0, -4.429198, 21.879536, -7.770110, 1.331211
0, -4.814004, 19.326743, -8.281654, 1.648686
0, 0.315273, 16.252923, -19.805096, 1.294640
0, -5.965696, 19.854861, -7.436468, 1.180539
0, 0.496205, 17.535366, -13.050742, 0.934065
0, -2.114127, 21.012102, -8.059103, 1.265783
0, -3.476566, 17.058614, -20.047326, 2.162521
0, -8.136888, 16.352596, -19.062628, 1.795809
0, -8.057405, 18.893782, -9.600008, 0.868050
0, -6.741350, 18.509764, -13.647373, 1.398290
0, -3.784269, 22.924660, -9.068704, 1.340540
0, -6.445412, 16.729233, -19.054183, 2.100174
0, -5.828570, 17.372371, -20.614476, 1.283381
0, -8.294530, 14.886322, -12.467618, 1.733185
0, -0.499222, 15.287203, -16.453896, 1.807064
0, -0.808174, 15.088400, -15.250553, 2.132908
0, -1.160325, 17.296973, -11.685485, 1.550734
0, -4.231171, 17.379584, -11.875121, 1.483212
0, -9.581658, 19.930721, -18.713602, 1.906038
0, -0.792736, 15.171815, -14.135643, 1.845316
0, -4.012496, 18.112047, -8.525424, 1.420022
0, -2.328717, 14.525452, -14.691366, 1.482264
0, -3.255065, 14.898738, -16.052284, 2.163691
0, -2.947288, 16.318362, -7.695045, 1.078017
0, -7.402323, 14.616370, -16.295535, 1.732335
0, -8.575781, 21.462385, -13.114894, 0.769143
0, 0.097339, 16.092528, -13.702404, 1.574819
0, -3.950332, 15.908246, -19.541362, 2.087898
0, -0.394563, 21.390224, -12.112063, 0.738960
0, -6.707363, 15.712911, -18.332944, 2.009356
0, -7.751182, 18.147859, -13.462816, 1.371209
0, -5.532281, 15.737706, -11.767920, 1.131739
0, -4.573171, 15.271697, -11.111480, 1.455205
0, -2.882927, 22.028662, -11.205835, 1.598869
0, -3.100826, 14.697785, -19.233161, 1.704509
0, -5.273875, 19.160732, -7.231341, 1.285625
0, -6.314638, 15.032436, -8.541240, 1.291388
0, -3.225057, 22.126942, -8.909084, 1.262082
0, 0.127586, 20.097754, -13.128034, 0.782702
0, -4.507069, 17.335319, -19.844975, 2.051142
0, -2.969537, 13.857806, -16.596137, 1.500828
0, -4.964239, 16.109581, -20.480584, 1.949061
0, -1.323432, 17.450128, -8.968927, 1.348268
0, -6.516411, 15.372546, -10.624160, 1.283389
0, -6.973183, 15.140437, -13.151103, 1.580010
0, -0.481314, 20.754416, -10.204533, 0.743328
0, -5.786827, 18.998136, -11.892805, 1.421479
0, -4.911676, 20.110845, -5.988064, 1.193542
0, -8.794772, 15.256018, -18.132070, 2.162859
0, -0.212662, 20.317431, -11.716602, 0.932360
0, -7.822546, 15.630442, -15.981557, 1.730582
0, -5.336817, 14.403225, -16.549701, 1.788515
0, -1.257714, 19.187629, -8.472466, 1.394965
0, -4.292115, 18.332187, -21.094613, 1.293974
0, -7.457394, 14.087786, -13.046605, 1.524674
0, -8.037451, 15.618296, -10.909550, 1.525907
0, -10.243956, 17.910059, -18.013792, 0.984153
0, -0.186559, 18.457769, -13.801564, 1.795528
0, -5.769665, 18.121208, -6.293680, 0.897251
0, -5.203771, 13.034092, -15.146169, 1.371957
0, 0.056419, 12.306233, -11.852634, 1.548979
0, -0.155791, 16.944787, -20.703530, 1.072432
0, -6.429797, 16.133606, -20.041199, 1.833687
0, -1.053525, 18.307773, -6.161252, 1.167948
0, -8.754936, 20.157211, -17.272033, 1.561782
0, -4.291695, 14.168077, -12.379020, 1.389827
0, -0.419163, 16.521420, -10.334201, 1.653799
0, -3.693442, 20.484435, -8.193696, 1.457848
0, -8.415050, 15.730208, -16.937764, 1.541613
0, -0.144925, 18.491639, -19.634198, 2.126259
0, -9.831655, 15.976916, -17.390863, 1.598569
0, -2.926581, 15.993835, -20.035655, 2.389992
0, -5.918649, 14.532862, -18.909656, 1.655306
0, -8.852055, 15.592163, -11.829962, 1.090368
0, -2.899057, 17.918220, -18.821329, 1.568107
0, -0.185100, 18.264706, -8.577750, 1.686713
0, -2.930243, 16.987796, -10.500414, 1.407859
0, -1.607819, 16.463323, -20.655306, 1.665685
0, -3.134754, 13.654739, -14.621535, 2.100637
0, -4.184354, 15.511760, -17.401277, 1.727713
0, -1.590642, 20.489544, -10.424486, 1.348785
0, -7.125853, 14.005879, -17.587105, 1.840773
0, -0.610321, 22.099356, -16.219505, 0.991193
0, -6.643327, 15.161940, -9.567503, 1.522064
0, -1.501762, 15.116794, -17.045356, 1.839563
0, -1.238286, 19.924499, -11.632983, 1.392851
0, -10.015032, 20.484557, -19.665743, 1.285052
0, -5.248396, 18.310925, -15.519926, 1.455581
0, -4.710886, 14.765434, -9.268820, 1.382818
0, -5.474276, 19.019494, -10.113117, 1.332350
0, -0.967065, 19.700335, -10.519622, 1.491261
0, -1.014054, 14.585574, -10.193306, 1.576418
0, -2.705658, 19.900438, -16.481906, 1.540599
0, 0.077415, 16.711506, -11.902839, 1.339365
0, -9.952317, 20.939754, -18.293342, 0.903945
0, -6.011808, 14.038504, -11.958404, 1.294244
0, -1.981087, 14.726917, -15.896107, 2.245726
0, -9.014527, 19.014464, -17.063064, 1.647320
0, -3.210808, 17.354350, -8.274383, 1.426570
0, -1.915986, 22.149405, -7.977597, 0.641960
0, -9.983519, 14.065300, -18.188174, 0.902030
0, -1.232146, 18.605024, -7.265801, 1.248220
0, -1.917694, 15.942706, -17.996808, 1.715622
0, -3.284223, 21.689278, -7.065056, 1.251448
0, -1.024545, 12.864812, -12.725647, 1.860688
0, -2.079930, 18.103937, -7.855625, 1.720367
0, -1.663026, 22.535192, -10.514906, 1.055642
0, -0.069756, 17.174163, -18.747078, 2.686299
0, -2.890988, 15.675769, -10.829632, 1.748467
0, -4.517218, 17.720838, -6.803281, 1.381454
0, -8.730837, 14.297891, -15.521665, 1.617762
0, -0.863211, 14.930108, -7.467873, 1.616495
0, -3.251580, 17.303580, -11.637485, 1.394291
0, -6.705488, 14.882750, -19.560477, 1.952170
0, -9.162856, 15.959096, -19.234320, 1.647636
0, -1.693870, 19.425900, -21.445848, 1.668242
0, -4.401575, 17.660079, -13.092449, 1.369689
0, -7.979122, 15.254396, -19.075588, 2.243690
0, -0.579876, 15.276541, -12.611855, 1.859642
0, -6.350608, 18.310204, -20.131024, 1.753748
0, -2.966231, 23.355993, -10.054131, 0.897645
0, -5.819691, 14.808812, -11.145158, 1.287083
0, -7.034305, 14.030877, -12.143179, 1.479940
0, -3.953811, 14.980247, -13.092491, 1.792654
0, -9.134037, 14.163546, -16.473634, 1.513556
0, -5.374251, 14.637271, -10.176865, 1.376570
0, -3.468749, 20.481881, -20.251272, 1.921838
0, -3.835093, 12.701159, -10.664830, 1.608135
0, -1.260095, 16.497330, -18.907428, 2.062953
0, -1.145128, 16.970501, -5.716637, 0.961043
0, -0.810671, 13.939542, -17.767931, 2.020912
0, -9.486751, 15.424640, -14.188088, 1.150398
0, -4.317888, 14.200591, -10.894989, 1.613263
0, -2.130545, 15.746777, -19.253798, 1.685233
0, -4.488248, 19.189214, -19.785265, 1.851742
0, -4.699412, 13.607509, -9.260158, 1.574755
0, -0.833163, 19.394221, -20.491171, 1.800038
0, -4.178138, 19.960493, -7.240438, 1.675691
0, -7.931995, 17.687827, -11.191031, 1.220388
0, -1.939533, 16.919507, -10.766159, 1.582708
0, -5.173981, 23.106680, -8.919896, 0.980317
0, -2.835028, 17.983353, -21.255764, 1.698297
0, 0.476336, 17.228464, -10.804582, 0.673799
0, -2.951052, 14.726728, -13.617474, 1.792620
0, -5.031246, 16.780815, -8.296223, 1.296700
0, -1.115946, 16.150809, -7.614591, 1.569276
0, -2.033739, 13.430193, -12.652332, 2.114805
0, -6.726353, 14.103581, -9.345109, 1.182058
0, -6.138679, 18.627833, -19.018327, 1.995890
0, -6.140244, 12.350209, -14.995765, 1.759250
0, -2.057169, 20.288054, -7.334412, 1.359822
0, -8.248839, 14.309966, -17.166659, 1.625296
0, -5.825818, 14.462421, -20.169103, 1.295846
0, -5.846862, 13.322692, -9.190685, 1.471928
0, -5.799574, 18.756365, -7.887819, 1.112868
0, -8.540880, 13.403214, -12.647611, 1.142140
0, 0.566440, 14.719718, -15.951852, 1.369069
0, -5.231897, 14.854269, -12.209507, 1.549428
0, -4.032052, 23.766241, -10.348473, 0.838981
0, -7.516714, 19.348326, -8.919812, 0.882209
0, -8.796402, 14.562004, -13.383820, 1.409332
0, -7.085929, 14.682444, -11.013696, 1.511044
0, -3.195118, 21.645723, -15.602743, 1.547550
0, -6.331324, 13.602335, -10.341469, 1.563512
0, -8.261915, 13.713118, -18.359064, 1.823718
0, -3.186464, 14.923883, -9.585326, 1.452818
0, -2.443571, 18.619504, -6.995797, 1.440575
0, -6.448048, 16.091067, -15.076238, 1.710463
0, -7.391996, 15.662808, -12.352878, 1.313584
0, -9.026192, 12.288074, -17.918764, 1.690465
0, -6.017919, 17.694861, -8.195108, 1.290010
0, -4.754342, 19.147416, -5.594136, 1.261439
0, -7.155192, 17.013026, -9.269040, 1.405761
0, -7.573306, 16.240460, -11.556037, 1.272296
0, 0.364159, 17.996829, -17.823661, 1.545651
0, 0.474979, 16.410561, -17.910720, 1.451845
0, -6.677280, 13.697987, -18.895793, 2.159111
0, -0.280478, 18.450872, -7.663323, 1.295083
0, -3.630652, 18.459577, -7.189583, 1.212393
0, -3.018690, 20.897955, -9.117172, 1.577036
0, 0.014200, 15.634383, -18.745623, 1.800919
0, -5.395410, 13.299727, -18.550424, 2.072658
0, -2.965501, 19.168814, -6.457778, 1.221430
0, -7.296658, 15.810281, -9.295001, 1.703238
0, -2.358264, 16.633241, -9.765982, 1.375969
0, -9.943123, 17.553483, -19.078659, 1.244946
0, -0.839820, 16.600916, -9.152731, 1.503388
0, -6.720943, 13.035706, -16.987168, 1.514051
0, -1.089628, 14.934983, -20.179611, 1.107548
0, -1.870667, 13.905905, -18.178965, 1.854677
0, -3.532452, 13.455128, -15.780441, 1.842957
0, -9.781493, 13.232832, -16.598554, 1.016965
0, -5.222776, 13.665484, -10.739980, 1.687269
0, -1.808832, 20.595643, -6.031752, 1.093551
0, -7.717301, 16.204565, -20.116526, 1.119480
0, -4.613772, 12.055987, -11.622663, 1.632218
0, -8.323642, 11.058920, -18.354188, 2.063380
0, -0.248446, 14.924660, -17.954700, 1.827099
0, -0.051854, 15.547433, -7.933593, 1.435490
0, -1.077914, 14.295258, -19.120579, 1.519370
0, -2.540359, 11.848076, -12.153178, 2.009647
0, -8.617828, 22.026058, -18.183012, 1.576944
0, -8.087066, 14.894572, -10.178382, 0.947582
0, -6.033438, 14.164215, -17.468161, 1.792873
0, -7.662604, 12.435540, -19.424198, 1.299891
0, -4.673297, 23.175524, -11.620205, 1.280840
0, -8.385005, 12.747456, -17.070169, 1.656063
0, -1.434676, 13.931846, -14.724461, 1.724908
0, -7.795270, 16.934767, -10.244072, 1.418251
0, 0.508087, 14.155584, -14.475235, 1.190945
0, -8.284963, 14.166957, -11.085507, 1.287834
0, -4.974797, 17.154365, -5.927160, 0.974405
0, -4.278628, 14.543889, -20.202119, 2.139675
0, -4.770635, 14.447764, -18.742211, 2.060790
0, -4.094999, 17.400203, -7.859815, 1.135284
0, -6.241190, 13.171748, -11.390379, 1.370240
0, 0.478274, 15.565578, -17.297579, 1.400157
0, -5.087518, 18.290922, -5.674514, 0.979783
0, -1.311144, 18.471732, -9.233108, 1.354194
0, -5.315937, 13.133553, -11.836993, 1.438494
0, -6.336856, 13.502451, -19.962443, 1.193755
0, -1.250233, 20.909947, -9.536666, 1.159004
0, -8.152847, 11.648993, -15.679431, 1.904341
0, 0.201237, 15.913944, -12.481665, 1.279289
0, -6.691839, 15.177495, -11.825609, 1.315523
0, -8.884845, 20.710593, -20.666808, 1.074762
0, -1.412303, 17.151285, -7.971086, 1.587573
0, -8.846428, 11.033705, -16.782007, 1.436340
0, -2.209803, 13.464484, -17.185290, 1.923439
0, -4.601698, 18.415797, -7.437214, 1.162507
0, -7.339248, 13.172907, -14.055673, 1.708309
0, -7.952204, 12.625371, -18.342682, 1.779783
0, -3.195127, 19.750604, -7.831610, 1.413178
0, 0.090710, 13.694827, -12.675658, 1.783792
0, -6.514454, 12.744128, -13.625090, 1.701294
0, 0.147519, 14.823166, -13.791092, 1.767985
0, -6.610880, 12.278197, -18.552258, 2.168023
0, -7.229194, 13.548073, -10.988475, 1.464694
0, -0.908375, 13.943385, -7.881027, 1.487463
0, -6.629125, 13.265407, -12.663471, 1.434149
0, -9.076149, 18.335741, -14.329903, 1.537716
0, -0.941101, 13.347093, -13.591611, 1.937942
0, -1.678763, 12.574818, -8.027273, 1.340996
0, -7.627806, 13.899782, -14.804492, 1.745775
0, -1.541767, 19.053649, -5.703978, 1.065016
0, -2.288145, 15.596008, -8.788407, 1.312198
0, -0.121142, 13.833680, -18.896185, 1.447967
0, -3.640247, 18.099363, -5.530079, 1.849169
0, -8.666297, 15.037627, -14.767310, 1.424956
0, -0.697043, 13.041660, -15.471854, 1.858741
0, -6.267049, 11.278849, -13.947593, 1.740759
0, -2.614595, 16.578821, -8.565715, 1.560882
0, 0.746344, 12.723195, -15.819688, 1.444097
0, -6.093007, 11.926405, -15.928513, 1.849234
0, -7.754450, 24.062076, -19.614000, 0.792756
0, -3.076965, 20.592402, -7.272017, 1.254565
0, -6.801182, 12.975446, -9.672102, 0.864344
0, -6.999051, 11.951758, -12.214940, 1.637057
0, -2.643110, 21.374691, -6.377105, 0.933974
0, -2.388411, 13.018249, -11.671429, 1.592587
0, -7.860758, 12.850253, -12.133586, 1.593845
0, -5.509819, 12.243960, -11.232944, 1.500831
0, -8.267801, 13.154843, -13.608690, 1.522365
0, 0.059188, 14.303204, -16.967560, 1.810262
0, -9.422116, 16.726036, -12.984823, 1.034180
0, -4.081607, 18.825935, -6.411201, 1.471616
0, -8.742588, 14.052868, -14.297161, 1.383848
0, -8.746834, 12.551440, -19.055456, 0.968933
0, 0.109661, 14.371391, -11.467860, 1.449717
0, -4.788949, 12.939240, -16.120165, 1.469939
0, -1.061865, 16.324113, -12.470120, 1.290686
0, -8.613510, 17.700640, -18.979520, 1.725914
0, -3.987692, 13.268841, -11.490645, 1.495283
0, -4.150098, 14.287230, -16.710411, 1.895872
0, -5.922384, 11.385325, -10.668633, 1.266760
0, -1.866673, 12.195993, -18.248662, 2.230898
0, 0.195284, 16.526933, -15.818370, 1.902088
0, -1.892080, 14.273337, -11.363883, 1.647765
0, -2.925618, 21.873188, -7.989758, 1.290598
0, -7.564372, 11.139186, -19.091707, 1.681629
0, 0.466108, 15.954576, -10.840107, 1.035194
0, -3.497853, 15.699558, -6.151408, 1.138597
0, 0.274359, 19.583630, -14.319609, 0.861392
0, 0.153051, 12.262782, -12.868988, 1.675310
0, -2.676471, 17.100106, -6.361200, 1.177909
0, -4.135272, 13.186990, -19.571031, 2.082686
0, -6.550453, 11.445587, -17.515982, 2.061024
0, -8.373743, 19.102187, -18.413422, 1.670932
0, -0.573366, 16.773742, -6.844734, 1.192113
0, -4.842041, 10.944303, -11.558124, 1.623358
0, -1.044661, 15.501648, -9.050541, 1.506140
0, -2.757303, 15.012536, -11.888481, 1.359076
0, -2.057208, 14.685978, -9.690737, 1.533741
0, -3.527644, 19.835871, -10.664845, 1.263242
0, -4.854094, 12.562403, -14.249080, 2.076981
0, -6.751383, 10.026115, -18.916666, 1.437129
0, -1.635592, 15.393480, -11.205460, 1.443764
0, -2.207130, 15.557074, -7.832786, 1.384672
0, -1.906580, 17.508310, -5.958196, 1.415129
0, 0.049784, 14.314587, -8.562462, 1.231121
0, -5.570891, 12.982792, -13.360692, 1.520761
0, -1.255425, 13.454080, -9.748507, 1.489239
0, -0.446530, 20.439619, -15.145725, 1.371117
0, -2.526846, 18.435463, -5.706996, 1.377984
0, -3.511764, 15.677457, -8.350545, 1.376130
0, -0.945056, 13.889038, -16.503578, 2.118455
0, -2.167833, 13.184662, -15.923519, 2.256456
0, -4.212156, 17.174249, -8.896607, 1.185506
0, -3.042679, 15.978579, -9.924417, 1.218572
0, -3.328458, 13.759639, -12.341095, 1.600941
0, -5.131966, 12.429635, -9.931707, 1.882487
0, -3.624738, 11.965319, -9.876991, 1.516672
0, -4.830780, 16.314329, -11.308566, 1.264132
0, -3.433854, 14.192756, -17.691780, 1.638918
0, -5.290214, 17.778722, -7.474525, 1.163047
0, -0.171557, 12.504863, -14.230471, 1.935763
0, -9.198150, 12.324512, -16.254217, 1.214172
0, -4.513171, 15.849124, -8.640303, 1.477099
0, -5.960386, 11.469711, -11.817457, 1.371549
0, -7.473153, 10.296268, -17.243303, 1.867459
0, 0.506059, 13.410728, -11.570830, 0.839533
0, -6.322948, 10.565348, -16.036483, 2.414070
0, -4.148075, 16.641665, -5.707418, 1.067093
0, -1.852822, 13.727098, -7.486437, 1.346509
0, -2.918456, 17.047820, -5.463675, 1.459452
0, -4.776778, 9.451613, -12.413794, 1.795064
0, -7.069457, 12.637142, -15.523098, 1.851245
0, -7.670616, 13.400844, -16.438951, 1.690187
0, 0.268380, 19.539804, -16.664444, 1.052520
0, -1.650602, 15.600726, -9.793947, 1.471387
0, -5.320427, 12.321724, -8.915954, 1.342874
0, -2.872196, 13.042490, -18.434610, 2.098675
0, -8.145426, 17.506345, -9.354374, 0.653639
0, -2.035075, 12.211070, -13.465038, 2.299988
0, -3.091120, 20.176764, -6.243546, 1.272111
0, -8.218282, 12.958466, -14.841426, 1.703684
0, -3.442419, 12.690721, -13.747905, 2.133310
0, -2.230149, 18.066239, -4.524830, 0.871237
0, -3.440902, 17.430133, -6.890985, 1.138124
0, -0.010680, 15.906607, -9.327731, 1.424086
0, -5.383921, 15.318930, -17.676159, 1.939464
0, -4.892186, 11.991813, -18.686523, 1.892386
0, -1.099785, 12.310544, -11.349519, 1.505458
0, -4.653099, 12.452410, -12.659609, 1.490454
0, -0.475699, 17.583547, -6.143979, 0.788207
0, -0.660041, 15.033115, -11.429851, 1.473195
0, -10.022976, 14.376829, -17.116834, 1.016443
0, -2.692094, 11.802212, -14.984544, 2.164223
0, -1.392091, 21.079575, -7.360441, 0.787827
0, 0.432048, 14.580865, -10.111165, 1.070597
0, -3.855791, 21.350904, -8.768409, 1.227416
0, -0.602311, 12.519840, -17.173185, 2.743909
0, -7.425406, 12.195123, -17.247125, 1.866706
0, -4.056782, 11.879314, -17.476670, 1.582421
0, -3.689496, 13.614830, -8.359786, 1.498326
0, -5.973213, 14.158261, -12.981922, 1.660301
0, -2.796011, 11.973763, -17.138317, 1.976891
0, -4.874716, 11.874013, -16.138279, 1.465719
0, -5.361668, 11.511334, -17.271661, 2.161530
0, -1.878187, 19.316327, -6.646815, 1.174165
0, -5.159235, 11.608539, -15.058641, 1.746222
0, 0.509669, 14.558197, -12.436851, 0.892567
0, -2.060706, 13.347396, -19.761792, 1.461852
0, -6.082649, 9.689923, -17.380757, 2.169314
0, -0.470834, 20.275614, -9.222762, 0.737720
0, -2.203609, 17.212797, -16.434983, 1.502256
0, -5.850816, 17.368970, -6.829060, 1.048006
0, -0.836256, 15.585283, -10.575889, 1.378858
0, -7.159746, 12.490824, -11.369288, 1.563941
0, -5.302740, 10.027263, -15.263923, 2.467314
0, 0.377108, 17.060515, -9.643091, 0.830555
0, -7.484057, 12.292660, -13.266836, 1.486018
0, -5.344789, 9.623323, -11.325308, 1.129533
0, -5.277275, 14.115963, -8.443970, 1.345367
0, -3.473201, 12.947765, -7.682560, 1.599149
0, -2.314767, 14.636393, -17.484892, 1.508494
0, -3.084439, 14.079982, -10.108730, 1.452182
0, -1.553730, 16.354287, -11.576807, 1.121230
0, -5.311930, 15.085272, -7.192025, 1.021202
0, -4.373243, 13.395326, -17.981295, 1.712565
0, -3.736227, 14.885476, -11.953197, 1.423903
0, -2.420879, 11.461638, -16.135372, 1.914528
0, -4.257169, 11.154146, -15.700709, 1.691345
0, -3.319188, 19.059577, -4.614633, 1.008356
0, -8.054507, 14.012683, -19.457660, 1.638647
0, -1.122555, 11.862125, -14.874925, 2.067214
0, 0.226560, 11.485471, -15.289911, 2.101730
0, 0.002835, 10.975508, -11.721130, 1.489275
0, -2.206733, 13.426157, -8.924396, 1.749382
0, -1.966980, 16.150747, -5.732982, 0.945085
0, -3.833876, 13.118689, -17.112206, 1.656528
0, -3.570839, 14.651236, -7.907112, 1.103190
0, 0.391838, 13.215187, -9.680604, 0.910480
0, -0.165562, 11.336768, -14.141145, 1.464899
0, -5.721453, 10.467994, -19.023385, 1.572149
0, -1.216766, 15.341840, -6.425069, 0.705813
0, 0.162451, 13.154777, -8.467617, 0.857826
0, -2.152246, 11.175621, -19.222705, 1.172304
0, -4.421929, 12.140461, -9.220739, 1.570030
0, -6.290844, 16.462241, -8.615816, 1.308944
0, -1.718223, 12.872880, -14.497861, 2.085969
0, -1.034160, 12.033141, -15.944135, 1.931196
0, -2.389379, 19.520689, -5.800576, 1.295857
0, -7.346398, 11.773625, -14.777952, 1.823037
0, -1.382593, 11.000041, -17.713306, 2.373395
0, -9.213966, 13.907346, -19.141815, 0.950339
0, 0.198984, 18.296454, -15.940012, 1.390681
0, -3.917953, 20.030689, -5.592446, 1.333119
0, -3.458463, 16.406181, -6.907985, 1.171088
0, -3.670697, 21.016764, -6.423201, 1.200870
0, -3.757790, 12.272454, -16.377709, 1.695002
0, -2.988225, 19.902907, -4.842483, 0.723233
0, -1.823460, 16.278530, -16.923350, 1.502189
0, -0.801519, 11.944564, -18.323653, 2.030091
0, 0.364714, 17.231988, -13.998680, 1.179449
0, -4.537106, 21.490482, -6.553290, 0.892550
0, -4.592504, 15.912601, -6.102725, 0.555095
0, -1.112015, 13.225407, -19.292471, 1.578380
0, -5.160540, 12.502721, -19.716598, 1.546996
0, -0.158285, 13.273845, -10.479263, 1.654449
0, -6.914917, 18.903208, -20.870518, 0.819514
0, -4.167027, 16.810172, -17.955091, 1.428596
0, -6.304758, 11.447877, -12.859491, 1.370155
0, -4.042901, 11.025973, -18.801192, 1.787858
0, -6.014879, 19.204992, -6.659528, 0.982537
0, -6.820268, 10.175644, -13.437296, 1.532890
0, -2.173581, 15.564715, -6.813831, 1.377040
0, -1.258985, 18.070154, -5.206226, 0.733695
0, 0.226682, 19.569738, -19.708781, 0.832356
0, -2.758685, 14.194333, -7.564103, 1.536321
0, -9.082550, 16.565322, -16.859295, 1.422595
0, -5.940789, 11.517210, -19.215541, 1.713465
0, 0.535275, 13.104494, -17.278440, 1.407511
0, -6.088720, 10.257153, -12.122807, 1.525521
0, -5.276994, 16.457049, -6.913690, 1.302784
0, -9.416438, 13.693321, -14.978760, 0.989068
0, -4.820459, 10.223760, -16.919657, 2.116594
0, -6.245218, 16.379187, -7.016794, 0.542015
0, -3.563983, 10.317868, -14.803059, 1.705172
0, -4.465795, 20.877739, -7.383499, 1.177470
0, 0.058807, 11.125456, -10.661148, 1.172040
0, -6.709971, 12.002065, -10.172210, 0.982570
0, -8.043870, 10.303208, -15.750104, 1.839319
0, -0.021272, 13.909957, -15.642868, 1.802397
0, -1.065191, 11.315633, -13.632744, 1.784401
0, -5.706618, 13.270698, -16.776750, 1.558131
0, 0.202957, 17.838026, -6.819570, 0.483445
0, -0.467882, 16.191508, -16.970545, 1.775391
0, -8.355105, 11.132605, -14.242897, 0.945880
0, -4.306694, 15.973492, -7.037265, 1.237174
0, -4.017682, 14.149945, -6.821358, 0.786580
0, -1.857911, 14.569316, -6.697778, 0.861416
0, -1.868504, 17.550432, -9.822943, 1.197463
0, -5.724711, 12.503399, -12.474928, 1.326838
0, -6.996044, 10.114112, -14.901014, 1.965933
0, -4.019498, 16.395215, -7.837893, 1.139917
0, -5.316334, 11.357763, -13.023346, 1.698987
0, -3.410514, 20.811296, -5.391506, 0.622380
0, -0.452341, 12.698642, -9.212422, 1.266119
0, -2.102622, 15.770277, -12.170026, 1.247319
0, -0.887853, 14.202049, -8.819707, 1.273861
0, -2.996084, 10.972033, -12.988745, 1.689726
0, -8.464058, 11.904622, -13.479637, 0.938738
0, -4.961343, 15.495237, -9.865310, 1.074577
0, -7.585019, 9.080499, -16.807927, 1.278496
0, -4.286360, 11.163923, -8.655332, 0.649072
0, -7.401883, 11.387662, -13.820542, 1.352081
0, -4.308464, 10.400882, -17.818633, 1.970327
0, -4.777151, 12.956957, -7.809034, 1.436982
0, -7.172016, 11.714453, -16.102526, 1.594415
0, -3.162113, 18.130481, -6.342263, 0.972158
0, -5.611321, 15.625857, -7.993038, 1.429584
0, -3.796426, 8.554906, -18.517291, 1.045703
0, -4.370218, 14.992460, -6.527437, 0.618677
0, -1.677682, 15.352312, -13.640196, 1.498893
0, -7.702228, 17.159631, -14.311636, 1.401367
0, -5.966788, 9.205447, -12.990231, 1.524402
0, -4.669484, 10.940107, -13.908274, 2.384008
0, -2.190665, 14.771807, -19.810235, 1.716634
0, -2.004184, 12.218615, -10.388738, 1.249124
0, -1.933697, 12.350605, -16.563022, 1.720473
0, -2.844335, 13.940455, -20.250024, 1.060960
0, -3.803622, 11.904383, -12.671930, 1.994450
0, -4.359573, 9.654348, -13.513534, 1.604283
0, 0.636852, 13.178444, -13.921006, 1.018963
0, -3.006370, 10.616089, -16.540081, 2.004964
0, -4.126026, 12.520107, -15.279492, 1.605330
0, -2.878461, 14.771720, -6.473338, 0.771702
0, -2.999209, 18.341906, -14.124452, 1.405612
0, -0.632738, 17.790926, -16.579405, 1.398429
0, -1.751078, 14.702278, -8.444070, 1.384927
0, -1.218009, 11.294156, -12.071948, 2.017763
0, -4.309823, 9.225504, -10.889745, 0.630026
0, -2.833880, 12.697652, -10.773337, 1.144168
0, -3.614679, 13.812607, -18.786053, 1.542914
0, -4.513144, 9.997506, -10.309052, 1.054572
0, -6.454760, 10.721608, -11.314870, 1.037944
0, -3.819159, 13.833906, -13.602831, 1.647059
0, -6.562664, 15.710194, -7.625963, 0.636943
0, -3.340949, 11.112663, -17.634722, 1.953549
0, -4.096119, 13.753590, -9.991632, 1.521527
0, -0.896982, 10.422638, -10.575419, 1.270996
0, 0.197560, 11.025931, -16.698544, 1.525677
0, -8.438258, 9.882468, -17.291094, 1.120574
0, -3.016835, 10.237721, -11.787532, 1.990059
0, -4.916120, 10.948135, -10.450797, 1.686045
0, -9.207827, 11.233245, -17.797919, 1.020357
0, -0.144907, 14.832475, -19.546919, 1.133647
0, -7.081357, 16.888198, -8.269461, 1.160001
0, -7.317665, 10.946082, -12.739927, 1.317864
0, -3.436901, 11.606665, -8.595420, 1.500864
0, -3.548153, 15.088667, -7.046503, 1.156058
0, -3.175868, 12.024353, -19.190945, 2.101170
0, -2.181650, 22.826643, -9.275327, 0.797085
0, -2.090261, 12.063223, -9.228641, 1.662248
0, -3.885218, 14.965704, -18.481170, 1.564240
0, -5.688741, 14.673707, -9.172607, 1.200175
0, 0.120144, 11.283050, -13.183438, 1.601639
0, -7.553685, 13.870005, -9.941588, 0.759448
0, -2.290407, 10.285392, -18.426357, 2.071491
0, -0.815475, 17.563573, -9.792422, 1.370400
0, -3.179056, 12.839941, -9.005563, 1.818506
0, -5.171471, 21.734831, -7.214250, 0.813420
0, -5.707001, 11.377739, -9.701018, 0.779418
0, -5.139142, 8.349685, -13.584355, 1.613070
0, -1.092216, 19.781949, -6.189246, 0.619611
0, -1.400052, 13.185832, -10.917741, 1.387051
0, -3.559003, 11.250105, -11.170723, 1.883838
0, -6.323588, 13.739544, -8.402456, 0.633054
0, -2.704318, 24.592874, -18.329809, 0.853218
0, -0.310248, 10.195897, -15.470907, 2.112935
0, -1.289670, 10.167553, -16.034514, 1.738175
0, -3.488616, 8.053358, -17.357774, 1.793890
0, -2.896234, 11.453755, -10.244863, 1.274050
0, -8.938888, 13.603546, -17.519513, 1.455814
0, -2.389640, 15.018970, -18.470941, 1.439897
0, -1.965579, 10.357497, -15.265434, 1.864325
0, -1.117238, 11.506609, -8.887917, 1.183686
0, -1.214482, 13.183012, -8.621474, 1.233592
0, -3.030529, 11.583225, -14.047520, 1.566582
0, -3.831377, 8.659915, -11.865446, 1.559269
0, -5.399659, 8.116187, -16.991895, 1.864578
0, -4.292370, 10.122450, -11.388967, 1.416971
0, -2.620335, 8.988478, -14.178329, 2.251349
0, -5.329294, 9.363455, -18.836866, 1.919819
0, -5.633430, 10.256524, -13.591532, 1.670298
0, -0.187614, 20.087436, -21.717856, 0.822083
0, -5.015432, 9.129768, -16.443845, 1.921914
0, -6.482009, 9.287944, -16.299037, 2.121346
0, -3.393149, 9.420713, -15.305760, 1.646916
0, -3.671302, 22.467244, -7.929726, 1.126022
0, -1.882776, 11.298968, -9.993395, 1.273525
0, -6.879455, 19.876924, -9.638773, 1.311064
0, -7.566397, 8.623773, -18.596408, 1.057298
0, -5.349777, 22.278185, -8.386044, 1.206643
0, -4.524164, 14.430408, -7.608883, 1.525738
0, -5.444717, 20.509918, -6.672072, 1.059510
0, -5.878057, 14.293974, -7.706696, 0.632439
0, -0.172185, 12.305907, -10.881273, 1.392070
0, -2.118471, 10.097746, -12.768713, 1.731601
0, 0.465306, 10.507235, -13.933243, 1.237878
0, -3.807121, 10.080113, -12.551931, 1.891318
0, -4.015585, 12.648978, -18.633413, 1.535507
0, -2.336358, 10.304769, -9.705382, 1.263022
0, -7.009164, 9.285673, -14.000503, 0.873008
0, -0.680445, 10.368649, -12.112340, 1.838297
0, -3.879689, 10.908410, -9.538051, 1.361197
0, -4.358468, 7.176932, -16.857241, 1.116779
0, -4.180433, 9.478231, -14.572150, 1.922978
0, -0.644087, 10.416111, -13.862368, 1.564673
0, -1.677115, 12.260167, -19.388388, 1.141011
0, -3.288822, 12.503299, -11.626023, 1.225626
0, -5.822145, 9.389569, -14.480800, 1.930757
0, -6.691130, 8.628409, -14.720282, 1.100614
0, -7.670363, 9.565456, -18.104919, 1.977542
0, -1.489862, 9.765151, -13.483793, 1.961582
0, -3.692019, 12.924957, -12.776182, 1.426396
0, -3.315107, 10.091125, -13.620513, 1.792676
0, -2.941508, 10.709508, -8.806124, 0.697695
0, -2.727998, 7.741994, -18.153904, 0.829225
0, -1.368447, 9.206438, -16.888492, 1.512469
0, -1.251816, 11.158312, -16.661648, 1.951625
0, 0.484432, 11.955339, -9.641691, 0.812948
0, -2.734815, 8.833824, -18.224288, 1.588234
0, -1.003808, 12.158922, -10.068718, 1.396717
0, -4.029396, 8.942418, -16.109302, 1.666100
0, -2.747807, 14.759887, -8.425299, 1.197800
0, -0.912637, 11.522464, -10.796243, 1.155601
0, -9.816999, 15.371939, -18.476565, 1.426848
0, -2.466148, 8.865081, -10.882668, 0.775503
0, -5.068421, 20.220336, -9.028271, 1.164508
0, -0.542372, 8.996487, -14.408055, 1.774040
0, -5.781582, 16.849236, -7.679178, 1.008989
0, -4.769663, 8.615679, -17.700483, 2.209970
0, -3.723036, 9.866824, -18.599902, 1.633892
0, -6.793455, 8.853633, -17.721636, 1.633202
0, -3.231535, 10.454324, -10.167152, 1.514254
0, -2.561108, 10.733700, -14.444036, 1.412909
0, -1.681182, 10.827027, -11.236718, 1.562780
0, -2.054751, 9.734981, -10.454926, 1.352305
0, -1.140529, 15.215125, -18.592501, 1.697014
0, -6.007951, 12.651245, -17.713157, 1.687195
0, -0.356914, 9.976177, -16.811531, 1.273224
0, -6.494844, 13.847878, -16.381709, 1.487207
0, -0.256116, 10.986074, -9.764948, 1.405949
0, -6.318369, 7.814250, -15.908096, 1.070639
0, -5.649901, 8.329857, -14.975144, 2.059990
0, -2.337887, 9.606038, -16.900941, 2.316606
0, -2.663444, 11.806921, -11.135265, 1.237234
0, -3.711396, 9.276247, -17.588396, 2.021909
0, 0.214829, 12.185877, -8.698076, 0.540288
0, -4.203218, 7.814095, -14.485490, 1.417757
0, -1.055867, 8.611628, -15.429597, 1.489728
0, 0.113282, 8.083934, -13.801718, 1.167108
0, -3.729747, 11.551378, -14.820180, 1.638937
0, -1.121866, 10.663314, -9.470711, 1.204673
0, -0.003621, 9.388677, -12.844755, 2.167761
0, -9.006912, 10.204312, -18.109103, 0.795982
0, -0.331119, 15.586190, -6.758308, 0.759486
0, 0.394330, 10.238837, -12.313767, 1.137946
0, -1.116049, 9.684388, -14.915093, 1.512708
0, -1.366875, 9.428380, -11.144709, 1.464631
0, 0.373805, 9.215383, -11.424187, 1.152608
0, -5.171420, 10.413303, -12.622616, 1.445133
0, -6.591959, 8.032673, -18.355981, 1.292624
0, -2.200274, 9.022100, -15.422619, 1.952478
0, -3.692203, 8.170886, -15.489901, 1.607953
0, 0.051725, 10.083378, -10.922910, 1.239622
0, 0.399325, 10.176114, -10.020716, 0.668210
0, -1.204165, 8.796824, -12.248047, 1.815432
0, -7.487916, 9.083166, -15.761199, 1.116934
0, -5.665907, 7.585382, -18.033702, 1.777973
0, -3.978089, 8.711504, -13.760501, 2.130792
0, -8.603545, 13.091684, -15.875890, 1.489102
0, -4.694574, 8.142058, -16.229393, 1.547707
0, -1.938366, 7.460109, -16.261939, 1.006287
0, -6.336886, 10.514892, -18.029361, 1.902986
0, -1.551341, 10.539914, -14.328143, 1.345490
0, -7.738594, 14.675881, -13.802150, 1.520913
0, -3.821091, 10.081225, -16.053542, 1.749366
0, -7.769558, 10.271922, -14.206201, 0.966660
0, -6.833162, 8.158345, -16.858287, 1.315544
0, -3.295905, 9.519833, -10.668543, 1.402021
0, -2.668435, 8.713841, -12.807015, 2.168489
0, -4.943515, 10.862854, -9.339549, 0.699483
0, -2.062264, 11.164784, -8.685017, 0.877610
0, -5.340489, 7.437705, -15.681648, 0.918865
0, -9.161428, 12.365890, -15.219699, 0.837917
0, 0.439045, 9.513738, -14.554002, 1.177439
0, -0.194311, 8.559494, -11.941613, 1.169314
0, -6.163999, 11.020504, -14.979450, 1.670978
0, -1.306103, 8.163918, -16.677812, 1.297943
0, -2.390673, 8.403468, -11.907301, 0.938245
0, -1.972441, 7.905468, -14.921478, 1.636348
0, -2.816952, 8.291071, -16.272072, 1.942791
0, -1.034879, 7.516180, -15.779180, 0.835807
0, -6.488298, 8.940716, -19.023350, 0.859777
0, -1.671090, 8.468646, -17.787532, 1.121948
0, -1.247407, 8.262198, -13.418130, 1.789174
0, -0.713992, 16.062422, -20.174835, 1.499600
0, -2.072409, 21.784978, -7.095476, 0.643783
0, -3.836917, 7.463488, -18.308225, 0.939327
0, -1.493121, 9.806028, -17.744069, 1.648037
0, -2.497850, 7.917811, -13.623487, 1.143445
0, -7.796894, 11.050633, -16.595358, 1.547243
0, 0.135309, 17.137088, -7.465603, 0.884004
0, -3.719696, 14.375529, -9.010650, 1.344041
0, -4.964328, 11.197013, -19.519899, 0.954773
0, -9.402387, 15.178834, -16.795995, 1.662425
0, -0.421927, 13.525154, -14.557156, 1.464764
0, -3.378584, 7.282105, -16.335124, 0.995553
0, -3.048079, 7.805045, -14.793278, 1.328908
0, -0.235297, 14.755226, -9.385712, 1.332863
0, -0.118536, 8.182606, -15.274463, 0.799915
0, -9.575546, 13.098226, -18.325523, 0.898267
0, -2.129329, 10.774130, -13.529904, 1.373119
0, -3.124111, 10.576279, -19.129772, 0.869788
0, -4.932370, 12.466205, -17.169070, 1.466546
0, -1.929468, 9.995294, -11.728502, 1.479315
0, -0.715278, 9.432300, -10.370832, 0.928527
0, -0.622962, 7.618653, -14.576413, 0.861296
0, -0.173050, 8.831582, -16.062228, 0.944833
0, -0.550436, 15.972573, -11.679961, 1.176338
0, -0.742518, 12.156921, -8.234824, 0.712658
0, -2.227294, 7.338754, -17.304463, 0.947503
0, -3.544295, 18.913571, -8.158114, 1.387183
0, -4.029792, 11.124482, -16.764576, 1.377808
0, -2.624052, 13.227226, -9.952856, 1.378918
0, -0.395230, 8.230209, -12.863994, 1.068850
