0, -5.363011, 15.249922, -15.625237, 0.671246
0, -6.205508, 15.223262, -16.053436, 0.686937
0, -5.406787, 14.559215, -16.089042, 0.594256
0, -4.758762, 14.041791, -16.566241, 0.673914
0, -6.604170, 15.581402, -15.220350, 0.752443
0, -4.898847, 14.523663, -15.408127, 0.697411
0, -4.382448, 15.672930, -15.260599, 0.720133
0, -4.571293, 13.931127, -15.855971, 0.614534
0, -3.482771, 14.390588, -16.512763, 0.669966
0, -5.823357, 15.061533, -14.953040, 0.677651
0, -4.603884, 14.476975, -17.212798, 0.500843
0, -4.980441, 14.973675, -16.605550, 0.597013
0, -5.677785, 14.977576, -17.054232, 0.628697
0, -6.985394, 14.826021, -14.885440, 0.588374
0, -4.965720, 15.899103, -16.475846, 0.736983
0, -4.511506, 12.923212, -14.900593, 0.681670
0, -6.457938, 14.402899, -14.418713, 0.534492
0, -4.246788, 16.718238, -14.352119, 0.535576
0, -6.880621, 14.266147, -13.770334, 0.276144
0, -7.548695, 15.077384, -15.790439, 0.506577
0, -5.598935, 14.395329, -14.376038, 0.562147
0, -6.540855, 13.960380, -15.004095, 0.640890
0, -2.755712, 13.998779, -16.516539, 0.423891
0, -4.214478, 14.839886, -14.946110, 0.661401
0, -5.788524, 14.037571, -13.594863, 0.485367
0, -6.435519, 12.851658, -15.217611, 0.408013
0, -3.872655, 15.264462, -14.382946, 0.717034
0, -3.507601, 14.615052, -15.737584, 0.759480
0, -6.884693, 13.700039, -15.857468, 0.583945
0, -6.542297, 14.617603, -15.422995, 0.565529
0, -7.279230, 15.789158, -15.660771, 0.590379
0, -7.002505, 16.665590, -16.032571, 0.566499
0, -6.160700, 16.043190, -16.261659, 0.618673
0, -6.627727, 15.044707, -14.079888, 0.563688
0, -7.217688, 15.794841, -16.996188, 0.288036
0, -5.033079, 14.096495, -14.716312, 0.615073
0, -5.274846, 13.196579, -14.417084, 0.597740
0, -5.752428, 14.144899, -16.746535, 0.709561
0, -2.376319, 14.742589, -16.525053, 0.473297
0, -7.686815, 17.089124, -17.000416, 0.357365
0, -6.949325, 14.420761, -16.341126, 0.673710
0, -5.068212, 15.532350, -14.440943, 0.644751
0, -6.482721, 13.447701, -13.913134, 0.334443
0, -6.444798, 16.687803, -17.445406, 0.493021
0, -5.431069, 13.619975, -16.096896, 0.552825
0, -4.099536, 15.315054, -15.989972, 0.828853
0, -5.773052, 14.011938, -15.198622, 0.600915
0, -5.322236, 13.328743, -17.048156, 0.365322
0, -4.411163, 14.408293, -13.787773, 0.609413
0, -4.951741, 16.377339, -15.556533, 0.616057
0, -3.914470, 15.407643, -17.256764, 0.557018
0, -6.056679, 12.167046, -16.190832, 0.492753
0, -3.111978, 14.187393, -15.285392, 0.535419
0, -6.580484, 15.908108, -13.957546, 0.708902
0, -3.670394, 12.480080, -15.282493, 0.752599
0, -5.934839, 13.293998, -14.875240, 0.537172
0, -3.703150, 15.933001, -14.980544, 0.743887
0, -4.649154, 15.246330, -13.559767, 0.610490
0, -4.073629, 13.708498, -14.291731, 0.564221
0, -7.925097, 17.985907, -16.158938, 0.397866
0, -5.857754, 12.427036, -14.773808, 0.404166
0, -4.654946, 14.927465, -14.244746, 0.577741
0, -2.723504, 13.177563, -15.452111, 0.629149
0, -7.936151, 16.411937, -16.222090, 0.363538
0, -4.778661, 12.758680, -16.646248, 0.448453
0, -5.577884, 17.080888, -16.816679, 0.584606
0, -7.042468, 16.091937, -13.130538, 0.352189
0, -4.042198, 13.407589, -16.840985, 0.529499
0, -4.562345, 16.068206, -13.753730, 0.562592
0, -3.340923, 16.462894, -15.575593, 0.665589
0, -2.561400, 12.259079, -15.409812, 0.456941
0, -6.708371, 15.229098, -16.876482, 0.498327
0, -6.158279, 18.106679, -17.280236, 0.607433
0, -6.576335, 13.352986, -16.633430, 0.693895
0, -2.901469, 15.437897, -15.744997, 0.827404
0, -4.443112, 16.661691, -16.283535, 0.733400
0, -4.243639, 14.963651, -16.673474, 0.595568
0, -2.732625, 14.895723, -15.026705, 0.523392
0, -5.532364, 13.633714, -12.988392, 0.525399
0, -5.924853, 13.002175, -15.835028, 0.600965
0, -5.688727, 15.744524, -17.494271, 0.378438
0, -4.005898, 12.744039, -16.327405, 0.594697
0, -4.828135, 13.090994, -15.915289, 0.562588
0, -4.563674, 15.777121, -17.171388, 0.787231
0, -5.012012, 13.691823, -13.792101, 0.608081
0, -5.108076, 12.852291, -13.658483, 0.522448
0, -5.406622, 15.995289, -13.806766, 0.633679
0, -3.974505, 13.486146, -15.880054, 0.608268
0, -5.873456, 12.703938, -13.928953, 0.365136
0, -4.640149, 13.354903, -12.547809, 0.618359
0, -2.895756, 15.764523, -14.542093, 0.581298
0, -4.662897, 12.138971, -13.687551, 0.385430
0, -2.195557, 15.390119, -14.376919, 0.544358
0, -6.271362, 14.585898, -13.457359, 0.445372
0, -3.727456, 16.456999, -16.257671, 0.596010
0, -7.239783, 18.977729, -16.113379, 0.887789
0, -5.896015, 15.037295, -13.993034, 0.565058
0, -5.942993, 15.962505, -13.111503, 0.638049
0, -4.549779, 16.402037, -17.773038, 0.423865
0, -2.797205, 14.130563, -14.603762, 0.483816
0, -5.264544, 13.413233, -15.399935, 0.585025
0, -5.887673, 12.319697, -15.480415, 0.466655
0, -4.216026, 17.283247, -17.176173, 0.673382
0, -3.646149, 13.580234, -13.393593, 0.474051
0, -5.288110, 12.809282, -12.971707, 0.284657
0, -5.201166, 12.030260, -14.718471, 0.590884
0, -3.778985, 16.874789, -17.734761, 0.533568
0, -7.186063, 18.019075, -17.419434, 0.484572
0, -4.594980, 12.418855, -15.556307, 0.657064
0, -7.398279, 15.110661, -16.615498, 0.362891
0, -6.262148, 14.177677, -15.974983, 0.608244
0, -4.139237, 11.872443, -14.870794, 0.537901
0, -6.674711, 18.291182, -16.695953, 0.645603
0, -4.327326, 12.879321, -14.142325, 0.595987
0, -3.113477, 15.120231, -16.771185, 0.584727
0, -3.459052, 14.695345, -14.837222, 0.554870
0, -5.398513, 14.398758, -12.522874, 0.575511
0, -6.298348, 16.756742, -15.116317, 0.666203
0, -6.071670, 16.470239, -14.288146, 0.671040
0, -5.629423, 15.518966, -16.394377, 0.539696
0, -2.038314, 14.627783, -13.880277, 0.453420
0, -2.159251, 16.099409, -16.670026, 0.656446
0, -2.818489, 17.277457, -17.625670, 0.665069
0, -3.160590, 12.878780, -16.616261, 0.295004
0, -4.280528, 13.791011, -15.022503, 0.653581
0, -6.583811, 16.967145, -14.095326, 0.504779
0, -5.276202, 17.541517, -13.866495, 0.606512
0, -5.610224, 16.018905, -15.473630, 0.680259
0, -2.725250, 12.927340, -14.653614, 0.686282
0, -6.922302, 12.951195, -16.125529, 0.346772
0, -5.503001, 12.868217, -16.462659, 0.611809
0, -2.675092, 16.744257, -17.080765, 0.641039
0, -6.246198, 17.620551, -14.090746, 0.544485
0, -4.600867, 11.830405, -16.542871, 0.314095
0, -3.957680, 15.968439, -13.105794, 0.461907
0, -5.637498, 15.208167, -12.630879, 0.462910
0, -7.443583, 16.270786, -14.991352, 0.624816
0, -3.429302, 12.178293, -16.191360, 0.543875
0, -2.418300, 16.118855, -15.437390, 0.697678
0, -3.784189, 15.112881, -13.345876, 0.576465
0, -5.044188, 18.215236, -16.688321, 0.627820
0, -1.953571, 17.747215, -17.699039, 0.238258
0, -5.366545, 17.282035, -15.333302, 0.555555
0, -7.614814, 16.924787, -15.518901, 0.467476
0, -5.486125, 14.829189, -13.330685, 0.671695
0, -6.912501, 17.592562, -16.451743, 0.760102
0, -1.964365, 15.030876, -15.946875, 0.365351
0, -3.652813, 14.611406, -17.295101, 0.297948
0, -2.796310, 12.016197, -14.379733, 0.644484
0, -4.628248, 16.948602, -15.090387, 0.532422
0, -7.615927, 17.296648, -14.831007, 0.420452
0, -5.230021, 11.758077, -15.671449, 0.412390
0, -6.979949, 16.480906, -12.393913, 0.297326
0, -5.320594, 16.429338, -17.135087, 0.805704
0, -4.949419, 17.471809, -16.143704, 0.658268
0, -2.786299, 13.938565, -13.783334, 0.487185
0, -5.614127, 17.044974, -16.074805, 0.646721
0, -2.474512, 14.262050, -15.618212, 0.617575
0, -6.439961, 15.749692, -17.351106, 0.351872
0, -3.288005, 13.592308, -16.158379, 0.592479
0, -6.206673, 14.809890, -12.722972, 0.535608
0, -2.447286, 14.301713, -13.021143, 0.501761
0, -3.617976, 13.280677, -15.159811, 0.618396
0, -6.451069, 15.294058, -13.435161, 0.557406
0, -2.857220, 16.534569, -16.345739, 0.657783
0, -3.634943, 14.260867, -14.191288, 0.535497
0, -3.759860, 12.216352, -13.261428, 0.329096
0, -6.242088, 16.893945, -16.468441, 0.643160
0, -5.699867, 15.767530, -14.670187, 0.615120
0, -4.662781, 16.927175, -13.058707, 0.636865
0, -3.108431, 11.755233, -15.661215, 0.324787
0, -5.294163, 16.966792, -14.664744, 0.575071
0, -5.556002, 17.886143, -15.949410, 0.594604
0, -1.980322, 14.649865, -15.131115, 0.455184
0, -7.375929, 14.172816, -15.493717, 0.306013
0, -7.239491, 15.703977, -13.721778, 0.358999
0, -3.552833, 12.854901, -14.487222, 0.563105
0, -5.430411, 18.342904, -17.463575, 0.649849
0, -3.115227, 17.560525, -16.233740, 0.725836
0, -2.764846, 15.000571, -14.164241, 0.598596
0, -3.345997, 16.014581, -17.588061, 0.493197
0, -7.523419, 15.573610, -14.721207, 0.401174
0, -1.912582, 16.975784, -17.542127, 0.277957
0, -6.672586, 15.632474, -12.566496, 0.515627
0, -3.521457, 16.753992, -17.002436, 0.719962
0, -5.382390, 18.093422, -14.505942, 0.637883
0, -3.455149, 15.742214, -16.413830, 0.694807
0, -3.240117, 13.666478, -14.263659, 0.486995
0, -4.819195, 15.966463, -13.019757, 0.626286
0, -2.747325, 15.689471, -17.153848, 0.624691
0, -4.867003, 16.359496, -14.635830, 0.587949
0, -5.031969, 18.088858, -15.420395, 0.570883
0, -6.036694, 17.841930, -15.248800, 0.594095
0, -2.136584, 16.995539, -16.345167, 0.637016
0, -2.075714, 13.992849, -14.198428, 0.490013
0, -7.261143, 16.743183, -14.062419, 0.557971
0, -2.429198, 17.283343, -15.638765, 0.784612
0, -6.423651, 16.467421, -12.955201, 0.544175
0, -4.568281, 13.976216, -12.911910, 0.587743
0, -7.617649, 17.979796, -15.384721, 0.589563
0, -6.688529, 14.463918, -17.099737, 0.321768
0, -2.959016, 13.178909, -13.686452, 0.533597
0, -4.217747, 16.518239, -15.574345, 0.546077
0, -4.556842, 12.902711, -13.123368, 0.521065
0, -3.698187, 12.841179, -13.699046, 0.504921
0, -2.959246, 12.461423, -13.458408, 0.626347
0, -6.770289, 18.179877, -15.426242, 0.677674
0, -5.542294, 11.877311, -16.670835, 0.257397
0, -6.266449, 19.021054, -16.021830, 0.783224
0, -4.910274, 17.251198, -17.819622, 0.474994
0, -4.310219, 18.334218, -15.815600, 0.669593
0, -4.966752, 18.974098, -16.195213, 0.730900
0, -3.309425, 15.918965, -13.924256, 0.612863
0, -7.248207, 19.172624, -14.908342, 0.547675
0, -2.306356, 18.896528, -18.242747, 0.332242
0, -5.737732, 18.861176, -16.656222, 0.708822
0, -3.849539, 16.729615, -14.977880, 0.465337
0, -5.076286, 17.574010, -17.087453, 0.560762
0, -4.713001, 18.562978, -17.627794, 0.817889
0, -1.917223, 16.527323, -14.811687, 0.500910
0, -5.505606, 16.471979, -12.335903, 0.560162
0, -3.723017, 17.833264, -17.850447, 0.780148
0, -2.934701, 12.797006, -12.790694, 0.594304
0, -4.035245, 17.499909, -16.374896, 0.673827
0, -5.689283, 17.503631, -17.762307, 0.390794
0, -6.502321, 17.492180, -17.600408, 0.407933
0, -6.689269, 17.264786, -13.199840, 0.513324
0, -4.906451, 15.094043, -12.632286, 0.476412
0, -5.407707, 13.890972, -12.040422, 0.442875
0, -4.530771, 17.418789, -13.971899, 0.547851
0, -5.372843, 19.939547, -15.831579, 0.566220
0, -1.996791, 12.683111, -14.328383, 0.493214
0, -3.655733, 12.017354, -14.152057, 0.445540
0, -6.851469, 17.451605, -15.548165, 0.637784
0, -3.281072, 14.474191, -12.707094, 0.483588
0, -2.396208, 13.712585, -15.042694, 0.604805
0, -2.595426, 13.275886, -16.162700, 0.270746
0, -4.483248, 11.730569, -15.788025, 0.416743
0, -7.101633, 16.543289, -16.902351, 0.572569
0, -3.769440, 18.348376, -16.475509, 0.601049
0, -2.125563, 16.243523, -13.688424, 0.527154
0, -4.365511, 17.687957, -14.770163, 0.599017
0, -2.652000, 15.032325, -13.152149, 0.468900
0, -3.323961, 14.545701, -13.493924, 0.500514
0, -1.987594, 17.902038, -16.400958, 0.325859
0, -5.732604, 16.819311, -13.196697, 0.678892
0, -5.823667, 15.064810, -11.802930, 0.481594
0, -4.797801, 19.287183, -16.869209, 0.724557
0, -3.265892, 16.807825, -13.357124, 0.656027
0, -3.840686, 12.939840, -12.587958, 0.727647
0, -4.925266, 14.951259, -11.897786, 0.466862
0, -6.242447, 16.343625, -11.933756, 0.582425
0, -7.010895, 17.496890, -13.795625, 0.500171
0, -4.034767, 13.540554, -11.735913, 0.543061
0, -3.905049, 17.176820, -13.457496, 0.541528
0, -5.468188, 16.078247, -11.629192, 0.423988
0, -3.111575, 17.081446, -15.061708, 0.693243
0, -3.326696, 13.432345, -11.707645, 0.394205
0, -3.094391, 18.066245, -17.023912, 0.705498
0, -4.428976, 18.320004, -13.958486, 0.658310
0, -7.084027, 18.769786, -13.971412, 0.515232
0, -7.381087, 16.697151, -13.337941, 0.280018
0, -5.651105, 19.208208, -17.690199, 0.784747
0, -2.829632, 14.490100, -17.129675, 0.205007
0, -2.564438, 16.420669, -14.472208, 0.604023
0, -3.227899, 15.932708, -12.566832, 0.474418
0, -3.126987, 18.299725, -18.253403, 0.409594
0, -3.521585, 17.025074, -14.238163, 0.669572
0, -2.125691, 18.470448, -16.915754, 0.357890
0, -2.231355, 15.475172, -15.131161, 0.505194
0, -3.224089, 15.556164, -13.271142, 0.472637
0, -1.899328, 13.262603, -13.793249, 0.396850
0, -2.521140, 13.373622, -12.986624, 0.499580
0, -4.796927, 19.168928, -15.348389, 0.754099
0, -5.849491, 13.643517, -14.204563, 0.468518
0, -3.148819, 18.861349, -16.887551, 0.553049
0, -6.835188, 18.006714, -14.598320, 0.647305
0, -4.337783, 19.371323, -18.141655, 0.622133
0, -2.923218, 18.127635, -15.313736, 0.680187
0, -3.971745, 18.995523, -17.295185, 0.782490
0, -4.839780, 16.545688, -12.221110, 0.513865
0, -2.305489, 17.518266, -16.950656, 0.535776
0, -3.686059, 17.800457, -15.759441, 0.628922
0, -6.210690, 18.851443, -14.853819, 0.523385
0, -4.283966, 19.696323, -16.152748, 0.699503
0, -6.099164, 14.029761, -12.833771, 0.383212
0, -6.907042, 19.795135, -16.781684, 0.761607
0, -4.369895, 18.044956, -17.090291, 0.635141
0, -6.543060, 18.553528, -12.913226, 0.562331
0, -2.325117, 18.960697, -15.993171, 0.418658
0, -3.699107, 13.863953, -12.523405, 0.568025
0, -3.052967, 13.837126, -13.133807, 0.417581
0, -2.852346, 13.361398, -12.195331, 0.493644
0, -5.917957, 17.320885, -14.713886, 0.471341
0, -2.991570, 19.485679, -16.293372, 0.614390
0, -2.431224, 16.764899, -13.209804, 0.579709
0, -3.752464, 18.795065, -18.366276, 0.330865
0, -3.092365, 19.705653, -18.508190, 0.525056
0, -1.857243, 15.248357, -13.254820, 0.280313
0, -1.900947, 17.562420, -14.630581, 0.380352
0, -3.713397, 18.810319, -15.157297, 0.630458
0, -2.235983, 13.006162, -12.254689, 0.413230
0, -4.191454, 14.707652, -12.481274, 0.518851
0, -1.837530, 12.621868, -13.206576, 0.470889
0, -1.866736, 15.776261, -15.853044, 0.387302
0, -5.378410, 17.414515, -12.647236, 0.488410
0, -2.364536, 15.606317, -12.851594, 0.461255
0, -7.405057, 18.112935, -13.918832, 0.340637
0, -2.569946, 18.899724, -17.502563, 0.473587
0, -2.536204, 15.675822, -13.670976, 0.498218
0, -2.779288, 13.718845, -11.347274, 0.272734
0, -4.066434, 20.106807, -17.159042, 0.713565
0, -2.763037, 18.009214, -14.144074, 0.699399
0, -3.988962, 14.220471, -13.199966, 0.429555
0, -6.501531, 19.838147, -17.542815, 0.740206
0, -4.316643, 19.079477, -14.445907, 0.671673
0, -5.827952, 19.431849, -14.468040, 0.688764
0, -6.349653, 17.916905, -13.175292, 0.506922
0, -2.224184, 13.707434, -12.433404, 0.448350
0, -1.942036, 17.057026, -12.588069, 0.246754
0, -2.561277, 17.082570, -14.208717, 0.672826
0, -4.338970, 14.486538, -11.840521, 0.575195
0, -3.626442, 19.095102, -16.349408, 0.549643
0, -4.190942, 16.023085, -12.215999, 0.551887
0, -2.453756, 18.757677, -15.300285, 0.522744
0, -2.712409, 19.041309, -14.344470, 0.687090
0, -2.715584, 18.317575, -16.091190, 0.570903
0, -3.168015, 19.499116, -15.268892, 0.602200
0, -5.620710, 18.473848, -15.116793, 0.525284
0, -3.253485, 14.177364, -11.447250, 0.382411
0, -3.585868, 18.158455, -14.531275, 0.686914
0, -6.632520, 17.043164, -11.979988, 0.392784
0, -6.069531, 13.277916, -13.293455, 0.249533
0, -5.952879, 18.054821, -12.454624, 0.488221
0, -3.923551, 17.239965, -12.314508, 0.591261
0, -2.436631, 14.370853, -11.793354, 0.579299
0, -6.953515, 19.198547, -17.428653, 0.688019
0, -3.363526, 19.329130, -14.450848, 0.576147
0, -3.393346, 14.822277, -11.748354, 0.515038
0, -3.995821, 15.422504, -11.296709, 0.477787
0, -5.780605, 20.020877, -16.462190, 0.762108
0, -5.145686, 18.941455, -14.121834, 0.564108
0, -3.183221, 17.299959, -12.079144, 0.547470
0, -6.007769, 15.462700, -11.269300, 0.271653
0, -3.069306, 20.664239, -18.436189, 0.355906
0, -5.728733, 17.399094, -11.852572, 0.575873
0, -4.640441, 17.784868, -13.227241, 0.524793
0, -3.817602, 17.848923, -13.618772, 0.597780
0, -1.903995, 14.483949, -12.454439, 0.307279
0, -6.660616, 19.487097, -14.456270, 0.728289
0, -4.141736, 18.989474, -13.148751, 0.453069
0, -3.931133, 15.310095, -12.147895, 0.483416
0, -4.948054, 18.631527, -14.838406, 0.458341
0, -6.154814, 19.133267, -12.662050, 0.541279
0, -4.931070, 20.702153, -17.027598, 0.517940
0, -3.365449, 18.665507, -15.791134, 0.523260
0, -6.643462, 20.039525, -15.462471, 0.824569
0, -6.275520, 18.388137, -14.172629, 0.614323
0, -4.403025, 17.841582, -12.404680, 0.463635
0, -4.748383, 19.575473, -14.079843, 0.543389
0, -1.973347, 17.421707, -13.736720, 0.386708
0, -2.467150, 14.706459, -10.855730, 0.343721
0, -6.066423, 17.807828, -16.535248, 0.649409
0, -6.802511, 18.102470, -12.213355, 0.397283
0, -6.764349, 17.219707, -14.793924, 0.517365
0, -3.862403, 16.349081, -13.705036, 0.500058
0, -4.713587, 15.013443, -10.940116, 0.469018
0, -5.412110, 18.534908, -13.468122, 0.527311
0, -3.684974, 18.778292, -13.805571, 0.578016
0, -5.820633, 19.247318, -15.489660, 0.706958
0, -3.396548, 14.404465, -10.836500, 0.268805
0, -3.056065, 15.270960, -12.567020, 0.493168
0, -6.694084, 19.004974, -15.358029, 0.552678
0, -3.341953, 20.084667, -17.694063, 0.651555
0, -2.671568, 16.533751, -12.569528, 0.556723
0, -1.868906, 14.014039, -13.399989, 0.280427
0, -5.441511, 19.839500, -17.099272, 0.642993
0, -2.955716, 17.594147, -13.118913, 0.663313
0, -3.272449, 19.212189, -17.946027, 0.613301
0, -6.445561, 19.553260, -13.181379, 0.547957
0, -4.135755, 18.339983, -12.873979, 0.520431
0, -7.190126, 20.069447, -15.984625, 0.437565
0, -5.405571, 19.013479, -12.753866, 0.562567
0, -5.451519, 19.849626, -13.670405, 0.647881
0, -4.561672, 17.635043, -11.597779, 0.485699
0, -2.170809, 18.250163, -14.734614, 0.456776
0, -2.596951, 18.255024, -12.932990, 0.434963
0, -2.342478, 15.267160, -12.179481, 0.604691
0, -3.503667, 18.877206, -12.385604, 0.454361
0, -3.120453, 20.515377, -16.771701, 0.667668
0, -3.818297, 19.766442, -15.541470, 0.656550
0, -5.196548, 19.901904, -18.016117, 0.657586
0, -3.297850, 18.180698, -12.980192, 0.545687
0, -4.615714, 20.609314, -18.428619, 0.470593
0, -6.031008, 18.915492, -13.605888, 0.648871
0, -2.774077, 19.655504, -17.368448, 0.537365
0, -4.426458, 13.985045, -11.051715, 0.270644
0, -1.974168, 18.071851, -14.043595, 0.239464
0, -5.925720, 20.744271, -17.279068, 0.720671
0, -6.208132, 20.397891, -18.219993, 0.523171
0, -5.068953, 18.167816, -12.837138, 0.453138
0, -5.938892, 18.525830, -11.832216, 0.509411
0, -2.705431, 20.081434, -15.065023, 0.444035
0, -3.948449, 16.742141, -11.801175, 0.554393
0, -3.443130, 16.289146, -11.249158, 0.595701
0, -3.351958, 19.192980, -13.244320, 0.452953
0, -6.024249, 20.568201, -14.751034, 0.727814
0, -5.781970, 16.485617, -11.087431, 0.440669
0, -3.398458, 19.626117, -16.913106, 0.531226
0, -3.977259, 20.081333, -18.101966, 0.614351
0, -4.857427, 13.530713, -11.721841, 0.328094
0, -3.736480, 17.231333, -10.734896, 0.549072
0, -4.056354, 21.021507, -16.867901, 0.610426
0, -3.896503, 18.235561, -12.033204, 0.564602
0, -2.934084, 18.475736, -13.562830, 0.530307
0, -4.310046, 18.360363, -15.027903, 0.476676
0, -4.813948, 18.744643, -12.172625, 0.486383
0, -4.642284, 16.162704, -11.154596, 0.543592
0, -6.060388, 20.581686, -15.726944, 0.785010
0, -3.426259, 20.298809, -16.053686, 0.640405
0, -5.034705, 14.075719, -11.315997, 0.273227
0, -2.389077, 19.407330, -16.715066, 0.314370
0, -2.069418, 16.920004, -11.458015, 0.325045
0, -5.364983, 20.818723, -14.221047, 0.642999
0, -3.689584, 15.714997, -10.747587, 0.469776
0, -5.478368, 15.780809, -10.779799, 0.405035
0, -4.845843, 17.677791, -10.892040, 0.493149
0, -5.376612, 20.296367, -15.144476, 0.550246
0, -6.484504, 18.182921, -11.418434, 0.373236
0, -5.500502, 20.664218, -18.433183, 0.392265
0, -5.664367, 17.881455, -13.293587, 0.500446
0, -2.686961, 15.706619, -11.245313, 0.430706
0, -4.734198, 20.072290, -15.381357, 0.562802
0, -7.552601, 18.377407, -16.769252, 0.692041
0, -7.310174, 17.982586, -13.154436, 0.305579
0, -7.284586, 20.238853, -17.544110, 0.390082
0, -5.954620, 17.645543, -11.040193, 0.453591
0, -4.702033, 21.154357, -17.581112, 0.526558
0, -3.639140, 21.106039, -17.615504, 0.433856
0, -6.672274, 19.020628, -11.978720, 0.313686
0, -3.201158, 18.242947, -11.725780, 0.556658
0, -5.456584, 17.203909, -10.055852, 0.270200
0, -5.616846, 20.852773, -16.294972, 0.692439
0, -5.270531, 21.067829, -15.052837, 0.691319
0, -2.081837, 18.471480, -13.434739, 0.321222
0, -6.397270, 20.227517, -13.949809, 0.603353
0, -5.955335, 19.947501, -12.776939, 0.527065
0, -4.322386, 20.426715, -14.781301, 0.631912
0, -6.831213, 17.496824, -12.551949, 0.423280
0, -3.701037, 17.481842, -14.958676, 0.520201
0, -3.447956, 20.704202, -15.232121, 0.528113
0, -6.265388, 18.961456, -17.214048, 0.679559
0, -4.412509, 21.288515, -14.462034, 0.434263
0, -2.656160, 19.179593, -12.591156, 0.539231
0, -6.805871, 20.631093, -16.962699, 0.427730
0, -5.435837, 18.503740, -12.301415, 0.381571
0, -2.711484, 19.481410, -13.516505, 0.588893
0, -2.691720, 20.491483, -15.718016, 0.286660
0, -3.617555, 19.999095, -14.689205, 0.669992
0, -5.578864, 21.310457, -17.703470, 0.365042
0, -4.343153, 16.780469, -10.748478, 0.555838
0, -5.262981, 20.175829, -12.847494, 0.429033
0, -4.573978, 20.933077, -15.311704, 0.537845
0, -4.871104, 19.125263, -13.319144, 0.570913
0, -3.468355, 15.807257, -11.930113, 0.500950
0, -3.743723, 17.318889, -11.435328, 0.488205
0, -4.865062, 20.444696, -16.064733, 0.573912
0, -3.251904, 16.529133, -12.216059, 0.472421
0, -4.433389, 20.523732, -13.969963, 0.597835
0, -5.296322, 14.759653, -11.263326, 0.399776
0, -4.793416, 19.524797, -12.244436, 0.483161
0, -4.347520, 13.548782, -13.436184, 0.444355
0, -4.811628, 15.501915, -11.380794, 0.477061
0, -5.312419, 17.196302, -11.052450, 0.460303
0, -6.486209, 16.303415, -15.647337, 0.527604
0, -3.216581, 21.035807, -15.865954, 0.222576
0, -3.739853, 13.801879, -11.116045, 0.208514
0, -5.794470, 20.710697, -13.373173, 0.438566
0, -3.911525, 16.551361, -12.712745, 0.503307
0, -4.679625, 21.571468, -15.673231, 0.308851
0, -6.567222, 17.491312, -11.470925, 0.271814
0, -4.670276, 20.361703, -17.678555, 0.568309
0, -3.537117, 18.008060, -11.111362, 0.527780
0, -2.186791, 15.969829, -11.714282, 0.432981
0, -5.426699, 18.444896, -11.133255, 0.566208
0, -4.012557, 21.105616, -15.936874, 0.576301
0, -4.706687, 21.151782, -16.462996, 0.509147
0, -3.835404, 20.868469, -18.682417, 0.253138
0, -4.965745, 18.072919, -11.954489, 0.489455
0, -5.860627, 19.180122, -11.438332, 0.558039
0, -3.449489, 19.797361, -13.604917, 0.458301
0, -3.994873, 18.436557, -10.052898, 0.511690
0, -3.188095, 20.725542, -13.831307, 0.351227
0, -3.684462, 19.449838, -11.501524, 0.477587
0, -7.713215, 19.288508, -16.990534, 0.454699
0, -5.148879, 16.674833, -11.552208, 0.469811
0, -3.825853, 14.984751, -10.497979, 0.296814
0, -4.482191, 21.172810, -13.237570, 0.245587
0, -5.236470, 15.515240, -12.131969, 0.454782
0, -4.751172, 17.653365, -9.929807, 0.485318
0, -1.966153, 16.572062, -12.040116, 0.248396
0, -3.931237, 20.384277, -13.308253, 0.539604
0, -3.804973, 19.509291, -12.776045, 0.450479
0, -6.043881, 17.285422, -12.447177, 0.469662
0, -3.063150, 14.165266, -12.105725, 0.453610
0, -5.007177, 16.766332, -10.455850, 0.349019
0, -2.943663, 20.056272, -14.010780, 0.523996
0, -5.078451, 16.644287, -9.800913, 0.168585
0, -2.078095, 18.149908, -12.063441, 0.300649
0, -3.293656, 20.056537, -12.899495, 0.622451
0, -5.228711, 21.498945, -17.043675, 0.256177
0, -5.621729, 16.481110, -10.424360, 0.214742
0, -5.894986, 15.732581, -12.084160, 0.450831
0, -2.346140, 18.600391, -11.034918, 0.290818
0, -5.269231, 19.982175, -14.420926, 0.583247
0, -4.330935, 15.434266, -12.801470, 0.415708
0, -4.605048, 20.191292, -12.389596, 0.485016
0, -4.033814, 14.669882, -11.194526, 0.440644
0, -1.876276, 17.884132, -15.681511, 0.322402
0, -4.337959, 15.449199, -10.610010, 0.457206
0, -2.157323, 17.729849, -10.839187, 0.299559
0, -3.004825, 20.800811, -14.544113, 0.259762
0, -2.475271, 17.536626, -12.295894, 0.527746
0, -4.195255, 18.986007, -11.227200, 0.448443
0, -5.105184, 18.389257, -10.106901, 0.401726
0, -3.114532, 18.986250, -11.831055, 0.449947
0, -4.113475, 19.634962, -13.452651, 0.471929
0, -2.754069, 18.064313, -10.447530, 0.553066
0, -3.267180, 19.984386, -12.120745, 0.507315
0, -5.363579, 20.699693, -12.421094, 0.305770
0, -5.457882, 20.026419, -12.037648, 0.475075
0, -1.889886, 16.139217, -12.755402, 0.252913
0, -3.769133, 21.237337, -14.803942, 0.336867
0, -2.199330, 15.045511, -11.375371, 0.386459
0, -2.833286, 18.555235, -12.317072, 0.475714
0, -2.682909, 19.600424, -11.997454, 0.249257
0, -4.953335, 21.175756, -13.747641, 0.319638
0, -4.175718, 20.749821, -12.582076, 0.472009
0, -2.871249, 19.068965, -11.141550, 0.421319
0, -5.122210, 19.410934, -10.865017, 0.457967
0, -4.583280, 18.168829, -10.532512, 0.425707
0, -4.255995, 20.445809, -11.837319, 0.401118
0, -2.133467, 16.385023, -10.915251, 0.296105
0, -4.823292, 18.794836, -11.131004, 0.407806
0, -3.064087, 15.187255, -10.533408, 0.366316
0, -4.032044, 19.411020, -10.623670, 0.426716
0, -5.200699, 19.362381, -11.621919, 0.474619
0, -6.361257, 16.938959, -11.107648, 0.250983
0, -2.802616, 17.069310, -11.549759, 0.462313
0, -2.630179, 18.138141, -17.618043, 0.552781
0, -2.308422, 19.424449, -14.845698, 0.293008
0, -3.102604, 18.692714, -10.576944, 0.512807
0, -5.914763, 18.306364, -10.509336, 0.313882
0, -4.485785, 16.202209, -9.879290, 0.320336
0, -3.143490, 15.195515, -11.242119, 0.462685
0, -2.397600, 15.644943, -10.521412, 0.299005
0, -4.548732, 19.742092, -11.489032, 0.508731
0, -5.300036, 17.890329, -9.662682, 0.223229
0, -4.748990, 19.972170, -13.332282, 0.513263
0, -2.776177, 16.387348, -11.283499, 0.439691
0, -3.065293, 17.507729, -11.103575, 0.468497
0, -3.900619, 20.991607, -13.754787, 0.384168
0, -4.841981, 20.593161, -11.423350, 0.242891
0, -4.295106, 20.033844, -10.517131, 0.325526
0, -4.246187, 20.486473, -11.136827, 0.206159
0, -2.117498, 17.601101, -10.178994, 0.209573
0, -3.787644, 16.578572, -10.092126, 0.444951
0, -4.741273, 19.136928, -9.893403, 0.380893
0, -4.792821, 16.124356, -10.515829, 0.429880
0, -6.128446, 19.914474, -12.115632, 0.333858
0, -2.091241, 17.779442, -12.885574, 0.331817
0, -3.854528, 17.802351, -9.943112, 0.546673
0, -3.947163, 19.141839, -9.957987, 0.404478
0, -3.522660, 20.102460, -11.269370, 0.387854
0, -4.324317, 18.183875, -11.281445, 0.474858
0, -2.375956, 17.821774, -11.489484, 0.472394
0, -3.258982, 17.435341, -9.882637, 0.430096
0, -3.667312, 15.876847, -10.062206, 0.414652
0, -4.973324, 17.212394, -12.089350, 0.456569
0, -5.093230, 16.691176, -13.715017, 0.565959
0, -5.869080, 19.089709, -10.721015, 0.300123
0, -2.588184, 17.058245, -10.464552, 0.489194
0, -4.835587, 20.009414, -16.706070, 0.502820
0, -1.971812, 15.662670, -11.115461, 0.151620
0, -2.158677, 13.561440, -11.544121, 0.257498
0, -4.503574, 16.950727, -10.052738, 0.424394
0, -4.574292, 18.173291, -9.240203, 0.358656
0, -2.677648, 16.237176, -10.481917, 0.481372
0, -3.920732, 18.957089, -9.336661, 0.332937
0, -3.464554, 16.415036, -9.547157, 0.223382
0, -4.974636, 19.865984, -10.353203, 0.244915
0, -2.911291, 17.935301, -9.636887, 0.387301
0, -2.998938, 18.597953, -9.526472, 0.310272
0, -3.097906, 19.592640, -10.618190, 0.293810
0, -5.142988, 20.823497, -13.119400, 0.388414
0, -3.667918, 18.382786, -8.991480, 0.278998
0, -4.068237, 17.655493, -9.258740, 0.372118
0, -3.232501, 16.820079, -10.352072, 0.442653
0, -6.905510, 15.921172, -16.272404, 0.525606
0, -2.587329, 16.657125, -9.956035, 0.332983
0, -4.182050, 19.030513, -12.273594, 0.438163
0, -3.617167, 19.771739, -10.122137, 0.213521
0, -2.591542, 17.215553, -9.429935, 0.202646
0, -4.051951, 19.693633, -12.030652, 0.409998
0, -4.558247, 18.833269, -10.502091, 0.367943
0, -5.492606, 20.235299, -11.318190, 0.277812
0, -7.051621, 19.103912, -13.332914, 0.289799
0, -3.370726, 17.624549, -9.124376, 0.293047
0, -3.172443, 19.214848, -9.868160, 0.261844
0, -4.235737, 16.986597, -9.261630, 0.269785
0, -3.256644, 17.025810, -9.357888, 0.253755
0, -5.068735, 18.711092, -9.517463, 0.177349
0, -3.771275, 18.751970, -10.755274, 0.452524
0, -5.338984, 19.234710, -10.259639, 0.278075
0, -7.948724, 17.153997, -16.245788, 0.314754
0, -6.242231, 21.092258, -16.669942, 0.316133
0, -5.431845, 17.868370, -10.398017, 0.386407
0, -5.919108, 17.129444, -10.512537, 0.223679
