0, -4.731463, 18.171803, -9.977734, 1.183139
0, -5.520443, 18.167889, -9.597667, 0.895742
0, -5.401546, 16.924746, -9.230464, 0.892029
0, -5.907996, 17.085164, -8.563012, 0.543878
0, -5.364566, 16.018014, -8.802410, 0.778332
0, -4.874353, 19.381496, -9.574541, 0.974264
0, -3.799427, 18.024263, -11.110844, 0.956427
0, -4.378527, 18.720473, -8.755643, 1.112589
0, -3.393501, 17.056881, -10.236075, 1.253329
0, -5.202206, 19.956269, -10.330927, 0.935514
0, -3.192000, 17.022636, -11.295961, 1.479117
0, -5.318624, 19.006027, -10.905759, 1.307163
0, -4.284619, 20.264079, -8.389157, 1.048796
0, -4.673862, 17.959921, -8.318635, 0.844155
0, -3.258586, 18.024269, -12.068649, 1.215263
0, -3.414098, 19.091099, -9.809282, 0.860664
0, -6.096292, 19.095840, -10.287459, 1.126996
0, -6.223656, 18.956724, -8.935725, 0.641719
0, -7.318927, 18.505772, -10.307182, 0.511660
0, -5.681602, 17.252722, -10.081685, 1.010947
0, -5.444841, 17.579450, -10.846290, 1.223393
0, -2.543519, 16.477032, -10.071110, 1.060081
0, -5.167240, 19.359648, -7.940326, 0.850753
0, -4.310742, 17.430989, -12.184980, 1.469159
0, -3.151475, 18.147763, -9.981079, 1.197229
0, -4.409432, 17.190071, -10.708588, 1.088864
0, -4.041480, 20.523181, -9.447653, 0.897994
0, -4.251544, 19.133655, -11.108236, 1.172189
0, -5.895030, 19.761715, -9.661651, 1.121711
0, -6.540192, 18.176979, -9.170726, 0.529618
0, -4.495276, 15.806525, -9.832448, 0.982291
0, -2.753739, 17.970529, -11.088722, 1.126776
0, -5.505487, 18.363629, -8.095344, 0.699325
0, -4.910002, 20.127079, -8.938315, 1.015373
0, -6.364784, 15.701452, -9.769049, 1.004660
0, -6.495908, 18.271722, -10.882357, 1.273689
0, -4.160327, 18.675418, -7.770865, 1.071469
0, -1.986844, 16.458187, -11.347059, 1.230614
0, -4.676870, 17.940142, -7.331682, 0.529080
0, -4.153156, 17.898939, -9.172855, 1.175090
0, -3.568721, 19.515471, -8.796348, 1.060934
0, -4.924477, 15.077840, -10.058570, 0.977332
0, -7.097414, 17.995405, -12.102893, 1.195675
0, -4.034835, 19.624567, -7.636800, 0.861768
0, -1.865392, 19.018166, -9.708385, 0.958185
0, -5.132593, 17.372817, -7.885062, 0.547562
0, -2.878589, 19.251615, -10.689008, 0.945272
0, -4.738511, 19.390872, -12.525516, 1.257488
0, -4.356494, 18.215989, -13.437236, 0.928531
0, -5.673674, 16.846908, -11.982504, 1.121882
0, -4.421620, 20.210495, -11.829273, 1.198455
0, -6.680083, 17.157895, -9.385143, 0.722219
0, -5.367613, 18.717416, -8.958328, 0.913875
0, -4.680877, 16.385350, -8.245183, 0.721234
0, -2.111730, 18.258412, -8.875091, 1.012969
0, -3.276904, 17.828675, -7.493940, 1.104117
0, -1.955237, 17.841180, -12.023639, 1.116028
0, -6.511593, 16.488790, -10.665990, 1.117084
0, -5.709192, 20.427232, -8.869487, 0.445005
0, -4.188420, 16.334680, -12.405214, 1.304390
0, -1.315521, 18.452858, -11.420311, 1.085546
0, -3.352864, 20.852084, -9.071864, 0.926246
0, -2.753068, 20.317932, -8.765573, 0.888580
0, -2.146428, 20.448884, -10.790250, 0.799943
0, -6.871770, 19.282533, -9.892688, 0.549318
0, -7.153378, 19.767244, -10.719612, 0.775041
0, -4.952099, 21.353986, -9.935941, 0.757155
0, -2.983851, 18.760400, -8.353978, 1.017045
0, -7.106361, 19.050132, -11.900710, 1.476038
0, -1.999862, 19.394352, -8.765845, 0.665052
0, -4.673049, 18.487573, -12.622807, 1.253221
0, -4.115743, 16.999964, -7.859983, 0.990440
0, -3.250770, 16.594435, -8.883389, 0.925861
0, -6.543660, 19.756559, -11.625642, 1.105836
0, -2.906846, 15.701954, -10.888798, 1.300917
0, -4.901834, 21.137188, -10.937146, 1.030196
0, -5.687880, 16.251330, -10.588926, 1.078293
0, -2.832570, 17.667320, -8.176201, 1.091885
0, -4.690056, 17.296452, -9.713052, 0.946872
0, -4.603351, 17.973674, -11.496648, 1.187122
0, -5.685654, 15.387698, -11.726742, 1.182718
0, -4.660118, 14.756131, -11.266693, 1.084728
0, -5.001510, 16.604428, -11.278854, 1.223011
0, -2.316132, 19.317067, -12.582894, 0.883507
0, -2.579021, 17.395607, -8.989856, 1.029508
0, -2.230091, 16.644889, -7.949371, 0.841360
0, -3.813653, 15.957543, -8.356664, 0.927515
0, -7.158204, 17.626840, -10.639560, 0.832686
0, -7.765781, 17.566212, -11.315286, 0.576636
0, -5.122012, 16.443507, -9.970288, 0.982386
0, -3.232995, 16.394338, -7.671022, 0.655645
0, -3.871911, 16.449191, -10.702526, 1.295453
0, -3.934148, 20.518761, -11.042142, 0.926474
0, -4.327651, 19.352709, -10.250269, 0.816767
0, -5.749704, 17.354358, -12.813677, 1.275130
0, -3.031329, 20.312420, -9.963732, 0.911786
0, -7.370857, 20.066865, -11.672323, 0.601317
0, -3.289459, 20.037159, -7.443098, 0.547548
0, -6.237443, 16.332778, -13.318430, 1.413919
0, -4.565538, 21.150750, -9.064784, 0.587453
0, -8.090406, 18.114065, -12.600898, 0.829162
0, -6.039558, 20.659073, -11.618933, 0.859655
0, -7.162246, 16.201668, -11.380998, 1.001602
0, -4.791807, 14.981531, -8.722941, 0.528522
0, -3.344958, 15.863510, -12.131291, 1.224185
0, -2.481566, 19.499488, -7.874165, 0.700112
0, -5.342868, 17.667051, -8.769198, 0.817889
0, -3.768690, 18.521184, -7.018955, 0.659193
0, -2.135399, 18.740046, -10.906016, 0.885309
0, -7.000658, 19.797133, -13.314148, 1.150183
0, -3.476123, 18.852177, -11.489364, 0.879825
0, -3.402982, 19.765815, -11.689246, 1.026305
0, -3.132325, 15.019637, -9.130683, 1.083325
0, -2.667332, 19.212028, -11.658548, 0.922334
0, -3.109225, 18.474343, -9.176306, 1.031925
0, -3.407044, 18.992921, -12.502642, 1.163907
0, -4.104035, 16.968663, -8.918390, 1.039400
0, -2.066743, 14.639515, -10.274426, 0.947018
0, -1.076119, 16.158076, -12.029665, 0.965742
0, -3.389683, 14.457090, -9.922753, 1.080801
0, -3.734224, 21.717099, -10.280054, 0.960344
0, -6.648698, 16.835470, -12.220978, 1.170869
0, -4.370683, 16.163071, -8.993088, 0.866946
0, -5.354489, 20.022073, -12.882169, 1.024371
0, -8.331053, 17.255829, -13.854193, 1.052398
0, -4.163553, 15.066056, -9.495820, 1.019029
0, -7.857028, 16.054772, -11.935186, 0.642062
0, -3.043438, 20.912229, -11.020961, 1.147707
0, -1.659762, 16.817478, -8.538777, 0.870379
0, -5.650722, 19.232980, -11.818518, 1.436953
0, -4.910171, 15.612026, -11.012992, 1.097790
0, -2.332537, 14.194314, -9.504985, 1.083661
0, -1.885067, 17.404284, -10.813667, 1.138779
0, -1.948028, 18.152495, -10.292576, 1.052934
0, -3.146448, 16.787314, -12.961544, 1.194347
0, -6.140387, 14.728391, -10.344774, 1.283329
0, -1.600981, 15.237131, -9.103350, 1.246403
0, -6.560340, 15.318832, -11.249742, 1.029931
0, -3.892997, 19.187075, -13.235816, 1.105486
0, -2.449341, 15.010349, -13.212105, 1.284511
0, -3.707823, 14.553218, -13.682620, 1.431924
0, -4.725899, 20.824537, -12.402353, 1.233236
0, -1.108789, 17.202774, -9.509857, 0.815369
0, -2.152354, 18.569655, -7.983545, 0.713902
0, -1.979928, 19.751143, -11.386804, 1.071778
0, -6.054571, 20.746895, -10.717768, 1.227106
0, -6.343577, 18.523660, -12.792441, 1.639513
0, -3.570520, 20.991782, -11.710777, 0.983712
0, -4.692286, 18.183176, -14.423373, 1.070276
0, -4.045423, 16.755310, -14.213900, 1.253329
0, -2.756395, 18.673828, -7.384587, 0.879324
0, -0.988423, 17.287710, -10.825232, 0.769832
0, -3.221638, 13.817927, -9.247571, 0.588061
0, -7.309792, 15.368370, -11.806308, 0.734519
0, -2.323986, 19.755601, -10.167460, 0.856316
0, -3.857155, 20.869618, -12.721940, 1.057435
0, -6.350889, 14.424250, -11.542182, 1.069013
0, -1.273322, 18.528090, -8.821661, 0.453163
0, -2.938182, 15.788667, -8.781139, 0.970074
0, -4.142846, 14.124345, -8.917358, 0.463310
0, -5.638527, 21.439446, -11.683579, 1.048796
0, -6.761909, 20.779449, -13.156319, 1.041549
0, -3.144873, 18.263090, -13.505788, 1.031769
0, -3.449810, 17.046663, -7.187176, 0.439125
0, -6.238553, 21.794002, -13.236674, 1.067700
0, -5.366720, 21.834530, -12.542580, 1.062517
0, -2.176303, 15.212538, -11.095571, 0.981597
0, -3.466325, 15.569633, -13.655196, 1.404595
0, -2.432999, 16.497304, -9.181233, 0.796985
0, -4.505286, 20.477950, -10.335176, 0.963215
0, -3.954501, 18.981223, -14.189875, 1.110717
0, -4.747585, 16.692036, -13.133647, 1.358852
0, -5.608723, 18.015075, -11.906064, 1.399662
0, -1.866255, 20.890029, -11.844750, 0.577416
0, -2.690005, 19.444563, -13.623976, 1.252468
0, -5.415084, 22.976546, -14.245869, 0.671162
0, -1.653847, 17.857200, -13.378725, 0.967578
0, -3.664144, 12.735672, -9.733524, 0.567923
0, -5.065645, 17.567813, -13.369860, 1.067007
0, -2.852501, 16.716600, -14.275361, 1.371003
0, -2.761377, 13.290676, -9.745822, 0.943645
0, -6.298599, 18.176555, -9.979470, 0.917469
0, -6.511524, 17.356639, -11.485217, 1.127833
0, -1.358350, 13.319555, -9.858992, 0.684931
0, -7.310614, 17.194102, -12.836833, 1.358619
0, -2.650621, 16.427938, -12.211416, 1.021667
0, -5.305702, 15.888759, -12.497557, 1.445756
0, -1.364874, 16.385320, -10.121109, 1.005196
0, -3.990308, 19.679360, -9.501616, 0.769156
0, -3.079506, 18.835488, -14.730117, 1.124498
0, -2.718988, 19.665805, -9.348698, 0.799764
0, -2.805030, 14.776957, -11.776136, 1.290508
0, -4.700093, 15.600214, -13.870396, 1.536418
0, -0.900843, 18.442666, -12.680793, 0.551142
0, -1.954757, 17.643878, -7.723637, 0.920348
0, -7.809235, 18.749199, -13.294438, 1.370528
0, -4.484307, 15.586667, -11.869708, 1.202140
0, -4.852773, 17.158550, -14.596701, 1.033237
0, -2.280128, 19.625413, -14.666301, 1.422112
0, -1.285946, 18.925468, -10.661345, 0.708014
0, -6.036578, 17.756464, -13.890288, 1.281776
0, -2.629533, 14.137792, -10.888222, 1.120244
0, -3.422926, 20.085887, -12.888302, 1.086015
0, -5.109767, 18.737660, -13.465533, 1.113981
0, -3.324163, 16.214438, -9.746601, 1.063358
0, -3.751290, 14.789246, -8.541960, 0.519252
0, -4.737646, 14.150313, -10.337629, 0.950174
0, -1.478487, 18.739760, -13.880011, 0.970285
0, -1.211816, 19.178222, -12.185193, 0.674865
0, -4.374883, 16.534007, -15.655590, 1.429945
0, -5.087031, 22.132957, -11.662764, 0.635422
0, -1.196010, 17.550617, -8.435509, 0.584781
0, -8.012940, 16.174591, -14.101511, 1.033830
0, -3.804995, 14.990250, -10.806646, 1.429915
0, -3.870275, 13.999864, -10.572721, 0.946356
0, -4.502402, 13.130954, -10.384145, 1.039561
0, -6.486971, 15.124249, -12.428337, 1.313148
0, -2.564363, 21.010399, -10.127575, 0.650321
0, -1.985345, 17.167195, -9.589598, 1.006485
0, -3.582304, 20.455629, -13.940819, 1.469473
0, -2.631046, 21.503901, -12.107879, 0.849082
0, -3.869526, 15.257001, -12.607762, 1.509710
0, -5.371113, 21.845093, -10.747283, 0.449289
0, -2.186060, 17.160502, -12.673465, 1.021659
0, -1.230770, 17.485524, -12.437756, 0.936016
0, -2.466903, 17.650881, -13.799241, 1.089482
0, -5.415638, 20.135903, -11.178099, 1.127889
0, -2.090967, 15.958612, -8.549891, 0.926677
0, -4.554422, 20.441343, -13.443719, 1.306875
0, -3.803105, 17.428322, -13.372408, 1.194311
0, -2.817847, 18.011113, -15.498201, 1.158912
0, -2.619792, 15.497593, -9.922737, 1.170947
0, -2.099988, 13.467545, -10.681431, 1.040287
0, -1.040166, 17.074254, -13.236464, 0.910253
0, -0.911426, 17.981705, -14.536013, 1.102334
0, -7.344771, 16.768652, -10.445124, 0.468495
0, -8.065470, 17.845631, -14.984526, 1.330567
0, -4.147476, 21.863173, -11.463563, 0.932537
0, -5.642064, 20.865908, -9.690710, 0.737039
0, -5.694703, 16.919621, -13.936786, 1.061307
0, -4.508143, 22.020732, -10.650983, 0.424007
0, -4.987268, 16.199967, -14.704646, 1.228600
0, -3.874800, 22.201432, -12.248646, 0.995932
0, -6.272861, 16.151326, -11.610455, 0.970561
0, -2.756998, 12.676101, -10.703429, 1.126580
0, -3.495626, 19.949950, -14.776565, 1.126057
0, -1.110990, 18.400220, -9.805560, 0.659045
0, -7.005947, 18.210075, -13.892600, 1.479874
0, -6.611449, 16.044684, -14.531268, 1.026619
0, -7.209557, 15.504528, -12.817618, 1.132314
0, -4.906699, 19.701639, -13.878352, 1.056392
0, -5.118496, 14.336548, -9.448208, 0.827607
0, -2.669595, 11.591986, -10.966449, 0.857707
0, -2.092912, 19.983404, -13.146499, 1.186025
0, -8.049196, 16.644270, -13.155914, 0.866489
0, -4.172271, 13.382181, -11.182285, 0.999878
0, -6.650154, 14.892068, -13.614933, 1.313500
0, -4.878200, 19.046407, -14.725633, 0.972484
0, -1.761852, 16.073597, -12.813123, 1.032758
0, -4.016904, 14.097161, -12.055104, 1.259600
0, -1.103288, 16.141458, -9.296576, 0.765016
0, -1.782264, 16.644069, -13.763304, 1.195087
0, -5.888787, 18.281041, -14.736027, 1.075439
0, -2.420161, 14.939111, -14.258701, 1.165374
0, -4.310209, 22.732438, -13.815485, 0.909431
0, -1.130903, 19.631487, -13.891102, 0.736786
0, -2.771081, 21.030905, -13.650463, 1.177116
0, -4.608497, 22.643735, -12.509980, 0.510554
0, -6.202738, 20.267152, -12.438626, 0.984744
0, -5.969893, 20.008707, -13.898534, 0.954297
0, -1.856981, 17.122516, -15.350596, 1.260394
0, -2.834655, 13.942426, -12.665916, 1.336478
0, -3.776526, 18.599758, -10.464429, 0.871366
0, -3.917324, 15.025146, -15.044195, 1.275623
0, -4.970037, 18.932446, -15.726939, 1.076151
0, -3.838798, 15.943332, -14.759811, 1.210811
0, -4.681022, 12.876435, -11.687654, 1.007668
0, -4.937714, 15.374610, -15.613260, 1.161816
0, -1.683302, 16.447740, -14.694975, 1.108018
0, -4.588432, 21.701703, -14.421767, 1.619328
0, -6.862202, 21.589995, -14.037955, 0.950630
0, -2.950657, 20.886531, -12.762806, 0.877323
0, -4.793031, 14.215271, -12.528971, 1.209112
0, -2.180665, 18.420983, -12.679020, 1.027729
0, -5.739032, 21.010190, -12.686814, 0.934293
0, -7.708194, 19.522125, -13.932476, 1.184523
0, -5.112646, 12.419149, -10.710184, 0.666741
0, -2.197268, 18.050273, -14.704328, 1.185974
0, -1.052489, 16.136270, -10.947617, 0.672760
0, -2.184662, 15.510831, -12.102357, 1.044306
0, -4.900333, 22.121041, -13.267489, 1.317286
0, -8.072848, 14.929607, -14.183366, 1.076650
0, -1.206274, 15.371003, -12.972981, 1.040055
0, -4.404432, 20.274739, -15.143620, 1.279450
0, -1.745983, 11.251912, -11.484388, 0.950118
0, -0.868790, 14.765919, -10.273784, 0.576545
0, -7.413733, 19.076334, -14.996413, 1.105772
0, -6.975317, 16.230828, -15.365764, 1.315573
0, -1.884792, 19.949052, -9.460077, 0.389685
0, -8.578791, 16.257019, -16.168365, 1.082400
0, -3.821881, 12.850049, -14.105607, 1.314007
0, -5.406244, 14.709314, -12.963723, 1.258712
0, -8.642348, 16.142554, -15.110825, 0.766491
0, -7.710863, 14.835025, -12.442192, 0.864973
0, -1.781764, 15.620186, -14.087194, 1.145146
0, -8.613468, 15.560515, -16.832464, 1.246655
0, -4.284864, 14.735478, -16.022688, 1.263290
0, -4.983924, 17.918959, -15.328101, 1.063182
0, -7.680107, 20.174353, -12.814062, 0.741752
0, -7.048490, 17.021331, -14.073752, 1.289281
0, -5.834865, 16.900134, -14.895005, 1.264081
0, -1.233885, 14.643786, -11.242186, 0.941478
0, -1.133787, 19.494133, -15.408039, 0.786862
0, -5.989828, 16.670421, -15.876354, 1.638999
0, -8.074425, 17.183126, -12.058378, 0.581988
0, -2.775483, 15.910207, -13.167422, 1.097895
0, -3.363462, 13.520558, -15.654436, 1.357677
0, -1.508827, 15.489253, -10.488704, 1.036593
0, -6.333832, 21.208300, -15.383087, 1.304025
0, -2.759239, 20.214336, -12.162891, 0.996984
0, -7.525338, 15.392508, -15.524825, 1.013007
0, -5.382964, 15.229043, -9.274172, 0.774457
0, -8.122253, 19.887191, -14.972685, 0.907316
0, -1.053032, 12.196406, -10.419908, 0.407683
0, -4.529641, 11.712645, -10.766684, 0.443997
0, -6.503007, 17.790276, -16.348087, 1.329792
0, -6.749214, 21.012990, -12.032916, 0.949781
0, -8.554563, 17.245306, -16.755601, 1.264363
0, -8.444908, 15.237585, -14.987937, 0.654020
0, -2.812481, 11.581249, -11.977597, 1.045385
0, -7.443633, 20.924961, -13.763011, 0.869947
0, -4.138059, 18.095621, -15.718336, 1.212270
0, -1.279160, 16.955980, -11.590716, 0.897450
0, -2.355676, 18.535311, -16.218904, 1.399248
0, -7.827778, 20.922690, -15.175621, 0.838204
0, -3.479448, 21.591609, -13.455453, 1.297701
0, -6.555617, 19.274229, -14.075999, 1.067131
0, -7.086049, 13.890691, -13.628994, 1.687397
0, -3.289587, 12.618858, -12.596452, 1.019971
0, -5.326496, 14.231088, -11.003627, 1.059604
0, -1.059054, 14.882961, -12.135900, 0.734990
0, -4.337124, 13.266697, -13.274261, 1.048509
0, -1.288053, 14.187589, -9.405789, 0.575820
0, -1.959823, 12.431745, -11.506842, 1.207089
0, -2.766980, 15.764329, -14.883548, 1.314984
0, -3.514055, 22.238031, -14.223265, 1.153231
0, -5.582182, 13.888264, -11.929010, 1.175610
0, -6.138074, 15.157096, -16.120558, 1.513404
0, -5.080714, 20.521004, -14.351881, 1.237198
0, -3.691220, 12.367300, -10.645374, 1.085723
0, -5.929649, 13.904809, -12.986901, 1.259316
0, -7.742026, 16.925582, -16.030977, 1.329065
0, -2.286386, 21.331448, -14.404374, 1.378323
0, -1.419305, 14.066868, -10.580320, 0.932485
0, -3.125050, 17.209924, -15.100625, 1.057680
0, -3.566567, 18.040945, -14.441592, 1.172610
0, -5.650827, 19.093917, -14.141440, 0.899663
0, -2.848577, 13.279838, -11.720323, 1.129598
0, -7.651378, 19.486395, -16.627762, 1.279104
0, -4.524451, 13.679232, -15.453363, 1.540153
0, -1.800315, 13.711573, -11.759188, 1.170262
0, -7.264980, 16.815907, -16.957620, 1.261193
0, -5.614404, 13.374306, -10.527009, 0.897053
0, -1.108141, 12.894547, -11.745332, 1.084748
0, -6.257594, 16.927859, -17.073235, 1.187042
0, -6.110502, 15.318279, -15.021550, 1.338867
0, -6.798753, 17.362209, -15.252640, 1.288858
0, -4.491057, 15.260590, -17.131489, 1.279604
0, -4.171513, 13.487668, -9.560058, 0.790626
0, -5.802491, 21.734830, -14.475217, 1.094872
0, -5.180230, 12.970976, -12.442225, 0.944091
0, -4.769905, 17.730169, -16.405541, 1.329348
0, -6.346259, 17.001234, -18.799666, 1.220825
0, -6.913742, 13.812774, -12.332331, 1.327563
0, -1.004271, 17.089049, -15.852922, 1.414562
0, -4.350909, 12.124404, -14.977591, 1.697814
0, -6.210565, 22.465375, -14.122183, 0.560737
0, -5.745638, 16.186021, -16.668425, 1.173654
0, -5.807886, 15.731576, -14.075748, 1.128318
0, -3.451003, 13.877737, -11.327246, 0.938522
0, -1.063496, 18.268005, -16.027750, 1.411049
0, -2.969849, 19.716095, -15.506827, 1.115539
0, -7.775158, 18.424658, -11.633889, 0.617803
0, -2.466271, 21.981838, -12.906825, 0.702662
0, -5.669374, 19.957312, -15.833917, 1.368331
0, -5.467301, 14.065091, -14.285280, 1.169843
0, -2.717090, 12.745646, -13.270581, 1.152666
0, -5.514439, 20.139419, -16.788413, 1.127052
0, -1.885902, 19.459817, -17.129623, 1.534514
0, -5.632259, 12.667096, -11.639064, 0.892275
0, -3.530347, 20.947665, -15.278324, 1.650965
0, -2.043028, 13.263176, -12.594286, 1.130043
0, -1.931759, 12.282293, -10.392483, 0.820256
0, -0.709478, 16.237836, -14.550327, 0.846191
0, -3.511487, 22.614087, -13.211323, 0.616774
0, -5.775760, 14.846535, -13.856083, 1.028625
0, -2.893763, 17.685512, -12.821186, 0.881453
0, -3.104424, 13.400439, -14.356416, 1.157311
0, -5.547770, 14.881950, -17.431088, 1.458312
0, -1.642230, 20.554099, -14.581202, 1.056201
0, -6.490718, 12.622052, -12.059408, 0.631977
0, -3.335238, 20.353631, -16.096561, 1.389452
0, -3.753781, 18.818632, -17.363459, 1.568016
0, -0.828652, 13.064909, -10.678428, 0.633851
0, -6.132732, 12.410208, -13.657182, 1.038456
0, -4.789656, 13.312908, -14.467741, 1.353459
0, -6.899479, 12.971661, -12.943485, 1.087969
0, -1.583060, 21.238630, -15.569990, 0.592839
0, -3.273790, 16.491514, -15.747603, 1.243034
0, -1.279585, 16.875687, -16.942707, 1.434392
0, -1.905119, 16.903439, -18.083638, 1.292064
0, -3.179625, 21.954093, -11.453442, 0.523756
0, -6.777054, 20.002875, -14.762717, 1.466009
0, -5.151571, 11.801705, -11.784116, 1.055106
0, -4.505546, 23.024627, -15.662915, 0.869292
0, -3.443741, 14.616916, -17.052013, 1.445113
0, -2.261116, 20.590095, -15.253349, 1.234639
0, -6.002251, 13.238094, -14.280029, 1.109939
0, -4.810883, 18.477612, -17.872010, 1.469134
0, -6.116352, 13.473459, -11.250989, 0.866363
0, -7.272515, 15.436458, -14.362235, 1.064777
0, -2.080191, 12.551943, -14.923194, 1.139055
0, -5.930358, 20.964927, -13.599857, 1.043978
0, -5.516576, 13.223438, -16.281407, 1.494737
0, -4.342050, 11.601888, -12.597923, 1.258635
0, -4.117337, 19.984030, -18.325025, 1.445493
0, -3.589622, 19.895039, -10.514590, 0.880116
0, -7.895717, 18.646506, -17.140179, 1.152199
0, -5.809549, 13.988841, -17.091296, 1.497104
0, -7.955394, 16.146169, -17.655015, 1.552594
0, -6.376316, 22.138514, -15.124247, 0.996496
0, -8.383545, 14.154941, -15.786537, 1.049272
0, -8.342825, 18.370489, -15.898445, 1.266352
0, -3.742307, 17.567525, -16.593561, 1.631613
0, -2.472713, 21.427189, -16.484509, 1.918316
0, -4.120974, 19.319151, -15.254566, 1.056734
0, -4.663555, 16.273673, -16.912128, 1.221563
0, -8.762617, 17.995979, -17.662217, 1.306293
0, -5.759047, 17.779756, -17.570630, 1.523000
0, -4.422593, 19.844861, -16.003806, 1.241044
0, -2.775039, 12.290778, -14.346126, 1.375662
0, -3.970220, 13.139431, -12.305121, 0.996852
0, -5.784372, 19.151775, -15.147214, 1.192765
0, -6.695239, 19.027970, -18.224942, 1.684388
0, -7.873789, 13.378131, -14.310970, 0.804981
0, -7.710149, 14.646481, -15.008922, 1.121028
0, -2.172097, 16.226988, -15.450814, 1.027562
0, -8.822171, 19.502522, -17.517258, 1.320445
0, -8.267617, 19.974140, -16.111736, 0.976891
0, -3.383250, 18.834509, -16.142023, 1.394713
0, -5.561819, 22.768297, -13.381858, 0.462143
0, -7.089440, 12.234970, -14.031669, 1.094362
0, -3.228348, 11.235529, -14.991870, 1.664883
0, -1.438858, 17.924199, -17.263595, 1.812008
0, -1.602592, 20.339504, -15.974467, 1.181115
0, -4.634618, 19.338135, -16.759401, 1.170111
0, -4.672935, 20.705974, -17.927510, 1.421482
0, -4.214288, 11.901824, -11.731065, 0.990617
0, -1.443966, 11.367797, -12.967857, 1.417473
0, -4.528169, 21.563601, -16.041674, 1.374765
0, -8.775432, 17.365803, -15.758981, 0.779896
0, -6.288622, 11.755537, -13.002272, 0.793471
0, -7.574021, 17.875729, -16.497512, 1.170525
0, -6.319733, 13.782395, -15.216036, 1.393661
0, -6.023700, 18.985474, -16.240784, 1.102133
0, -4.719832, 11.949714, -13.650678, 1.050173
0, -5.417445, 14.325084, -15.583889, 1.514387
0, -7.179699, 19.493104, -15.808923, 1.082834
0, -7.480068, 15.510941, -16.468698, 1.339686
0, -3.087542, 18.168768, -18.962944, 1.372526
0, -1.061319, 14.928519, -15.447629, 1.321541
0, -7.913399, 17.456324, -17.550626, 1.065892
0, -1.770659, 14.238514, -14.755995, 1.002978
0, -7.949631, 20.793959, -16.522508, 1.145693
0, -7.838197, 13.107651, -15.375009, 1.346939
0, -1.537275, 19.155267, -16.206604, 1.241308
0, -6.665182, 20.888258, -16.593191, 1.496069
0, -5.204348, 21.087799, -15.232607, 1.101764
0, -5.781185, 22.710627, -15.621347, 0.949847
0, -2.539550, 17.658781, -17.113623, 1.670380
0, -7.035143, 12.605652, -16.338277, 1.609706
0, -4.223341, 22.495021, -16.928851, 1.315893
0, -1.465783, 18.646161, -14.842642, 1.230120
0, -8.435034, 18.620470, -14.232195, 0.821955
0, -5.413814, 21.817509, -15.771622, 0.896299
0, -3.556084, 12.084719, -13.403278, 1.055613
0, -1.074279, 14.669408, -14.213016, 1.174742
0, -6.880174, 18.335521, -14.864633, 1.055666
0, -6.051173, 19.445313, -13.161099, 1.053875
0, -7.562787, 16.918586, -14.821990, 1.032653
0, -7.215587, 14.692815, -11.228172, 0.443443
0, -2.560783, 19.864781, -16.388045, 1.375579
0, -4.120231, 20.056755, -17.268969, 1.411671
0, -3.096140, 15.949884, -16.565405, 1.536493
0, -1.611607, 13.416132, -15.697105, 1.211866
0, -3.645952, 16.017150, -17.393206, 1.597360
0, -6.958816, 11.956401, -15.073836, 1.603676
0, -6.123586, 20.721091, -14.512362, 1.093033
0, -0.729549, 16.018159, -16.485878, 0.934675
0, -2.860026, 10.791562, -14.014349, 1.443326
0, -8.732630, 18.903347, -16.719423, 1.014641
0, -7.239425, 16.172162, -13.510821, 0.999624
0, -3.930302, 10.274547, -14.235690, 1.025975
0, -8.951448, 16.489275, -17.543856, 0.814586
0, -1.654260, 14.375549, -13.035577, 1.104089
0, -2.647399, 11.696274, -13.605756, 1.125169
0, -7.213340, 16.787343, -18.069750, 1.260353
0, -4.870910, 14.938937, -14.691686, 1.298517
0, -8.052393, 20.795269, -17.640250, 1.418864
0, -4.785105, 16.856425, -18.056528, 1.510172
0, -7.078851, 14.605094, -15.736383, 1.254356
0, -1.745050, 11.360564, -14.220193, 1.433419
0, -3.253702, 20.624325, -17.732087, 1.923785
0, -6.806216, 19.029893, -16.901800, 1.374141
0, -5.447645, 21.971703, -17.014803, 1.380854
0, -6.981355, 18.573967, -15.763895, 1.137322
0, -4.056602, 21.069932, -16.737967, 1.701331
0, -4.879919, 22.365766, -17.813136, 1.502430
0, -2.483722, 14.584602, -15.591202, 1.511272
0, -2.765101, 13.876826, -16.717042, 1.389563
0, -7.026427, 17.841127, -17.472741, 1.290124
0, -2.346272, 13.847728, -14.013886, 1.269849
0, -7.934918, 17.157054, -18.663617, 0.671791
0, -5.419780, 13.236420, -13.313928, 0.956588
0, -0.899508, 16.038281, -13.554645, 0.806466
0, -3.907645, 22.647008, -14.953261, 1.121988
0, -5.784930, 11.698046, -14.709363, 1.516512
0, -2.957221, 19.225874, -17.800720, 1.317185
0, -6.809803, 15.741521, -17.149897, 1.556426
0, -5.320917, 19.344752, -17.565253, 1.530448
0, -6.023241, 16.159348, -17.769786, 1.392215
0, -5.689983, 15.495209, -18.651972, 1.007084
0, -5.426782, 20.924275, -16.146110, 1.242592
0, -3.025063, 12.646598, -15.727179, 1.572351
0, -6.310976, 14.880945, -18.240362, 1.489366
0, -5.363830, 10.941221, -13.156852, 1.107080
0, -3.289956, 17.934988, -18.017913, 1.398173
0, -2.509537, 22.084733, -15.559001, 1.134119
0, -3.414183, 10.936500, -12.622304, 1.041450
0, -6.242811, 20.078655, -17.578502, 1.146699
0, -2.417282, 20.115191, -18.409163, 1.239737
0, -7.065557, 15.718393, -18.415083, 1.185128
0, -1.653271, 15.082946, -16.615434, 1.800363
0, -5.221142, 18.547312, -16.833149, 1.250112
0, -7.398270, 18.033669, -18.893694, 0.794119
0, -1.584251, 12.392918, -12.548032, 1.138902
0, -3.591380, 23.091099, -16.188044, 0.642306
0, -4.754387, 11.137114, -15.529516, 1.569416
0, -1.104804, 18.951421, -17.612474, 1.053119
0, -5.147770, 17.091299, -17.009527, 1.251741
0, -1.539685, 13.135326, -14.074364, 1.282549
0, -2.382076, 13.607125, -15.130879, 1.099845
0, -5.362948, 11.947821, -12.986980, 0.982720
0, -6.364643, 21.991398, -16.488726, 1.350162
0, -1.959398, 15.641267, -18.220065, 1.450123
0, -5.363972, 16.547184, -18.985520, 0.914983
0, -2.102416, 16.459800, -17.208405, 1.284751
0, -5.148586, 22.745112, -16.373106, 1.227645
0, -5.903246, 23.069357, -17.934216, 0.752695
0, -2.041892, 11.776990, -15.418267, 1.281158
0, -3.475744, 22.024484, -15.675384, 1.504871
0, -2.133177, 18.565552, -18.197248, 1.357557
0, -0.970317, 11.937632, -11.464255, 1.055665
0, -7.338439, 21.787698, -15.342632, 0.877928
0, -7.419860, 21.945665, -16.999566, 1.011369
0, -5.407852, 13.784985, -18.494207, 1.356293
0, -3.449330, 12.741994, -17.021564, 1.474072
0, -2.532770, 17.216815, -16.099208, 1.368106
0, -0.896656, 15.921082, -17.438224, 1.272122
0, -1.785958, 21.043895, -13.052063, 0.873042
0, -3.519455, 21.960087, -17.398500, 1.357704
0, -3.935187, 17.206516, -17.505072, 1.535392
0, -2.742442, 10.648911, -11.962981, 0.485940
0, -5.997411, 10.947950, -14.066271, 1.099234
0, -5.054604, 15.645487, -17.797806, 1.238576
0, -1.749382, 21.019570, -17.818616, 1.219506
0, -4.789575, 11.157828, -14.411195, 1.274702
0, -4.015623, 23.109834, -17.677442, 0.607453
0, -1.363336, 10.039216, -15.063681, 0.624531
0, -4.460635, 18.684392, -19.245919, 1.750956
0, -6.349563, 11.839130, -16.364396, 1.574825
0, -2.249905, 10.066999, -14.711378, 1.039857
0, -1.135097, 13.498777, -13.072624, 0.973298
0, -5.173641, 17.731329, -18.524474, 1.613875
0, -1.789425, 15.381573, -15.080203, 1.105204
0, -3.766396, 10.083872, -15.841694, 1.185119
0, -3.389887, 11.087526, -15.982216, 1.183500
0, -1.582002, 19.063226, -13.010484, 0.864871
0, -6.024184, 12.824559, -15.178376, 1.438784
0, -3.882962, 10.306843, -13.132289, 0.796549
0, -0.703115, 14.286861, -13.464042, 0.563621
0, -6.036952, 18.651557, -19.209340, 1.372484
0, -2.558443, 10.787888, -12.894338, 1.257015
0, -4.109340, 21.750408, -18.352054, 1.635232
0, -3.877052, 10.858906, -11.759841, 0.600696
0, -7.994528, 19.430536, -18.328570, 1.408750
0, -1.456245, 18.527626, -18.898026, 1.219643
0, -1.486241, 10.699415, -12.245012, 0.924911
0, -4.168687, 15.751059, -16.143616, 1.162947
0, -2.605948, 22.353791, -14.461153, 0.732796
0, -4.685090, 10.167346, -13.629807, 0.662619
0, -0.925512, 10.570767, -13.007014, 0.716512
0, -4.952643, 19.521100, -18.708089, 1.623911
0, -4.493904, 15.994796, -19.031606, 1.076115
0, -3.980951, 11.358536, -13.965440, 1.274919
0, -2.253309, 12.521267, -16.274693, 1.332654
0, -0.850145, 11.807139, -14.005129, 0.973575
0, -4.626433, 13.716334, -17.136329, 1.516608
0, -8.244612, 15.780810, -13.306597, 0.626144
0, -0.938182, 13.812439, -14.644634, 0.839038
0, -5.646780, 10.452836, -14.750171, 1.206288
0, -4.641761, 14.215506, -13.592321, 1.282997
0, -3.989034, 11.965414, -16.335607, 1.500050
0, -5.553657, 20.797818, -17.558290, 1.213377
0, -7.142504, 20.024449, -17.891873, 1.344503
0, -1.357686, 12.528928, -15.511649, 0.962529
0, -1.588678, 20.081849, -12.229371, 0.728708
0, -5.296958, 12.605872, -13.984731, 1.020459
0, -3.720992, 11.343347, -11.036622, 0.550091
0, -4.739449, 22.172649, -19.378174, 1.675168
0, -0.760508, 17.903560, -13.582558, 0.464857
0, -1.405848, 20.111611, -18.062705, 0.959189
0, -2.117625, 9.622754, -15.770313, 0.497701
0, -6.405844, 21.566323, -17.480396, 1.168079
0, -7.992744, 14.624690, -16.556980, 1.255900
0, -4.719072, 12.753589, -17.422082, 1.281185
0, -2.986464, 22.186306, -18.175628, 1.229011
0, -6.993111, 13.379385, -17.894073, 1.573575
0, -4.287045, 9.734847, -14.990363, 0.746042
0, -2.906540, 15.458816, -18.611792, 1.209110
0, -6.718475, 14.088944, -16.728441, 1.733563
0, -7.327485, 20.452281, -15.883294, 1.157318
0, -0.824371, 14.034523, -12.374539, 0.690958
0, -6.528417, 10.889187, -15.243190, 1.177594
0, -2.892628, 16.329371, -18.034308, 1.539081
0, -7.212690, 21.204650, -18.152736, 1.310566
0, -2.383570, 17.004122, -19.304240, 0.866939
0, -3.322211, 12.402969, -11.586421, 1.037906
0, -7.631545, 14.634781, -17.831660, 1.787415
0, -5.661778, 11.005260, -15.946949, 1.304829
0, -1.667258, 10.700071, -15.852088, 0.984745
0, -0.815286, 15.399677, -11.410554, 0.471399
0, -1.431585, 10.088718, -13.735049, 0.881338
0, -3.648013, 17.163117, -19.124747, 1.514539
0, -7.469351, 13.501892, -16.432086, 1.563758
0, -7.411273, 19.155627, -19.143433, 0.840884
0, -1.419046, 14.333670, -17.627637, 0.962312
0, -3.188689, 9.882297, -14.664220, 0.739819
0, -5.022625, 22.324676, -15.096747, 1.097543
0, -2.104805, 16.025625, -16.357768, 1.306388
0, -6.649882, 14.557156, -14.677991, 1.203367
0, -8.609325, 20.610906, -18.639676, 0.805654
0, -3.335434, 14.362126, -14.711111, 1.369639
0, -4.293834, 14.899185, -18.470739, 1.950043
0, -7.009916, 13.255280, -14.606342, 1.263884
0, -0.771796, 17.024548, -18.219755, 1.170361
0, -7.970793, 18.418034, -18.068276, 1.258138
0, -3.695595, 13.787515, -16.620603, 1.099955
0, -2.673630, 21.661718, -19.436904, 1.404189
0, -5.119686, 11.787956, -16.516425, 1.626794
0, -6.371426, 20.465397, -18.452699, 1.250814
0, -2.800954, 19.067930, -16.867941, 1.120945
0, -4.226939, 11.345681, -17.730223, 0.958050
0, -7.601515, 20.230895, -18.844702, 1.314680
0, -2.570334, 10.286012, -16.980029, 0.957739
0, -6.586615, 12.452791, -17.411583, 1.659036
0, -1.630216, 13.542063, -16.789323, 1.466542
0, -1.572822, 16.501108, -18.988493, 0.940972
0, -5.752516, 21.547457, -18.356653, 1.416730
0, -5.249515, 15.338547, -16.492722, 1.088828
0, -4.026909, 13.460787, -17.916548, 1.464732
0, -5.492553, 21.193924, -19.309610, 1.430743
0, -6.938344, 22.016746, -18.994763, 1.202036
0, -3.369986, 9.566738, -16.629292, 0.685153
0, -3.753597, 22.806451, -18.672094, 0.866707
0, -2.355073, 17.990074, -19.719098, 0.729790
0, -2.566981, 15.073132, -17.732970, 1.330622
0, -3.185574, 14.249048, -18.234065, 1.297382
0, -2.998589, 13.143354, -18.136329, 0.874774
0, -1.068801, 12.486703, -13.345230, 1.095589
0, -2.024583, 12.665674, -17.564542, 1.085465
0, -5.671911, 12.905290, -17.238082, 1.305070
0, -2.569426, 20.597006, -19.330616, 1.387730
0, -5.681550, 22.424428, -19.005227, 1.284422
0, -8.582017, 14.210027, -17.438847, 0.927361
0, -5.604027, 12.742430, -18.284550, 0.825275
0, -2.385039, 14.045222, -17.570324, 1.073626
0, -3.729384, 12.526789, -17.914971, 0.860691
0, -3.946567, 20.975226, -19.300670, 1.745623
0, -1.363855, 11.239552, -15.042142, 1.125173
0, -1.949246, 11.678098, -17.044642, 0.799498
0, -0.722062, 10.654832, -13.912311, 0.534607
0, -3.717525, 11.063025, -16.906442, 1.245628
0, -0.985664, 17.768351, -19.388083, 0.606825
0, -0.735796, 14.739423, -17.059161, 0.782018
0, -6.567208, 21.114865, -19.424370, 1.186548
0, -1.989293, 19.365793, -18.964521, 1.391896
0, -5.922412, 20.153983, -19.422003, 1.222376
0, -2.907739, 22.664435, -16.961407, 0.738166
0, -3.208813, 19.608330, -18.674472, 1.422002
0, -5.470085, 22.697506, -19.952740, 0.719939
0, -3.517843, 10.183388, -17.429055, 0.581800
0, -4.712004, 20.419897, -19.827289, 1.083676
0, -5.961218, 12.570939, -12.762914, 0.815999
0, -4.041584, 17.305809, -15.097258, 0.992122
0, -5.263653, 11.897039, -17.974621, 1.084072
0, -2.815433, 11.488676, -16.618722, 1.345594
0, -3.282802, 14.584714, -16.091231, 1.234503
0, -1.620383, 20.101644, -19.911261, 0.958027
0, -3.774494, 21.864647, -20.138512, 1.231458
0, -5.870179, 9.812475, -15.951016, 0.656057
0, -7.841305, 12.940246, -17.581867, 1.094224
0, -7.905159, 11.957267, -17.577476, 0.676718
0, -6.555903, 11.159889, -17.329442, 1.533895
0, -8.242131, 12.401881, -16.536959, 0.859751
0, -5.449417, 9.767478, -17.159612, 0.836454
0, -6.402301, 22.690669, -17.157916, 0.791258
0, -3.055816, 11.780761, -17.767012, 0.940829
0, -2.136868, 17.718275, -18.683526, 1.221664
0, -3.427815, 20.138777, -19.619412, 1.362231
0, -5.817804, 18.132298, -15.778916, 1.141585
0, -5.410444, 10.922567, -17.304113, 1.331776
0, -0.657156, 15.759245, -15.439314, 0.753700
0, -2.402667, 11.969433, -12.670610, 1.056830
0, -3.115218, 18.802213, -19.836809, 0.861483
0, -5.048584, 12.638728, -15.514603, 1.353752
0, -1.190195, 19.076216, -19.701781, 0.569568
0, -6.939187, 22.336584, -17.886049, 0.824279
0, -2.502681, 21.270221, -18.482131, 1.506849
0, -2.192105, 22.058592, -17.221073, 0.770602
0, -4.410153, 10.093204, -16.578842, 1.370267
0, -2.234670, 21.346792, -20.255175, 1.053390
0, -4.529852, 12.976287, -16.368562, 1.228936
0, -1.267606, 11.944965, -16.277613, 0.634722
0, -1.954863, 14.645633, -18.363894, 0.783750
0, -2.467506, 18.687738, -14.074611, 0.887098
0, -0.674431, 13.787209, -15.646010, 0.797374
0, -7.832778, 21.498900, -18.881518, 1.080923
0, -3.303174, 16.158471, -19.160463, 0.868256
0, -6.059629, 10.461391, -16.788528, 1.217121
0, -7.386403, 11.417726, -16.317961, 1.138736
0, -4.887362, 23.121560, -18.812810, 0.600595
0, -8.546607, 18.925495, -15.122900, 0.716834
0, -8.504655, 16.990175, -14.717330, 0.686289
0, -6.497722, 18.054957, -18.448540, 1.278117
0, -4.969661, 10.020944, -15.800975, 1.135402
0, -0.981505, 12.875751, -16.431523, 0.550125
0, -0.619978, 13.105230, -13.848195, 0.401126
0, -6.358070, 10.099304, -17.704027, 0.518538
0, -0.787380, 12.873422, -14.784383, 0.783849
0, -5.386050, 20.419701, -18.632295, 1.149906
0, -7.663200, 11.078823, -17.144555, 0.578155
0, -2.528453, 19.714753, -19.888946, 0.896796
0, -6.509956, 22.247570, -19.933031, 0.666374
0, -1.814273, 13.604613, -18.233855, 0.423237
0, -4.569683, 10.371377, -17.636243, 0.560138
0, -4.139524, 17.979930, -18.472632, 1.295916
0, -1.911887, 14.654860, -12.181265, 0.908653
0, -2.760887, 10.366583, -15.640074, 1.247411
0, -3.359235, 13.610473, -13.355285, 1.118665
0, -6.396312, 19.838012, -16.600232, 1.049946
0, -8.354840, 15.220355, -15.939986, 0.873209
0, -4.349922, 12.432188, -12.911688, 0.876893
0, -3.108229, 22.504551, -19.792150, 0.713916
