0, 4.702012, 8.529453, -13.946358, 2.083962
0, 5.673762, 9.177792, -14.721813, 2.209426
0, 4.371713, 9.137323, -15.316796, 2.185963
0, 7.210391, 8.495468, -13.589725, 2.809406
0, 4.864628, 10.093801, -16.015745, 2.119605
0, 4.520052, 7.204402, -13.064500, 2.878947
0, 4.892716, 9.609011, -13.563158, 2.306831
0, 3.905188, 11.045337, -13.204611, 2.328712
0, 5.463482, 8.215853, -12.104554, 2.148278
0, 5.595180, 9.515712, -11.545428, 1.971238
0, 5.565922, 9.060492, -10.525066, 1.709909
0, 3.298010, 9.670925, -16.396330, 2.553787
0, 5.840509, 8.491724, -13.202105, 2.688534
0, 5.050083, 11.054466, -14.028492, 2.322729
0, 6.635034, 7.261031, -13.518539, 1.474740
0, 5.691347, 6.294257, -14.086370, 1.479336
0, 7.157785, 9.001150, -12.351761, 2.046304
0, 3.436041, 10.964527, -15.055722, 2.657254
0, 8.380714, 10.240345, -14.003726, 2.568449
0, 6.212461, 10.292509, -13.118153, 2.956767
0, 6.172693, 10.502682, -11.600833, 1.968577
0, 2.974039, 11.780996, -16.154020, 2.277917
0, 4.519624, 7.350210, -15.297237, 2.706083
0, 2.902512, 10.899208, -18.094381, 1.680343
0, 5.492434, 11.631256, -12.560413, 2.184665
0, 4.622149, 11.403073, -16.037103, 2.563497
0, 4.808717, 10.318772, -11.652225, 1.962178
0, 3.218228, 8.204963, -12.621055, 2.301355
0, 3.176757, 10.435201, -12.227389, 2.404351
0, 3.174527, 12.554398, -17.724253, 2.531388
0, 7.379194, 10.239014, -12.174453, 2.725111
0, 4.131735, 10.927106, -17.937516, 3.022733
0, 6.887058, 9.748222, -14.297590, 2.539676
0, 6.674911, 7.319691, -14.629828, 2.077048
0, 4.286983, 9.029342, -10.002980, 1.825620
0, 6.808318, 11.710841, -11.088665, 1.875882
0, 2.112138, 12.175540, -13.935632, 2.697027
0, 8.761048, 8.658274, -14.288183, 1.159809
0, 6.869576, 11.295513, -13.969583, 2.585491
0, 7.925016, 9.346218, -14.660273, 2.274965
0, 3.335204, 9.630199, -13.588555, 2.812307
0, 5.483434, 11.097867, -10.862977, 2.105835
0, 3.294573, 7.798594, -14.297581, 2.856192
0, 4.249421, 6.830052, -14.071022, 2.623614
0, 7.010076, 12.988822, -12.496319, 1.730929
0, 4.488991, 12.593885, -12.163772, 1.807106
0, 2.878246, 8.697290, -15.786492, 2.798909
0, 3.878535, 9.266643, -17.956410, 2.453866
0, 4.296502, 9.301294, -11.836439, 2.570485
0, 4.069598, 7.919258, -16.722882, 3.169600
0, 8.494069, 11.394878, -14.744287, 2.264486
0, 5.009524, 10.123462, -10.525536, 1.764334
0, 5.080041, 12.295915, -15.505638, 2.180865
0, 5.442627, 10.643463, -18.918823, 2.843523
0, 3.962069, 11.718779, -19.613260, 2.035690
0, 5.314822, 9.013936, -18.346524, 3.015448
0, 3.571610, 11.611919, -10.646792, 2.802526
0, 1.702773, 10.606729, -15.435206, 1.579213
0, 5.332221, 11.019028, -9.704756, 1.778840
0, 8.219922, 12.213997, -11.965990, 2.323242
0, 5.372373, 10.430643, -20.246077, 1.989278
0, 7.323989, 10.725322, -10.565324, 2.294440
0, 6.609493, 8.115153, -12.034927, 0.935156
0, 9.666831, 9.804801, -14.149432, 1.230835
0, 4.626224, 10.052856, -8.560227, 1.782707
0, 2.561654, 10.912980, -14.159779, 2.647768
0, 2.650285, 11.735905, -12.503367, 2.426949
0, 5.140408, 8.863040, -16.178626, 2.555254
0, 4.747693, 10.297896, -14.922352, 2.055479
0, 2.203491, 11.200598, -10.629630, 2.172716
0, 3.242737, 6.135905, -15.009713, 1.940411
0, 3.407948, 7.696787, -11.520489, 1.786133
0, 6.997522, 8.698400, -17.672482, 2.702199
0, 3.723909, 9.866128, -10.509706, 2.012891
0, 5.743210, 7.940667, -14.895428, 2.656649
0, 7.608843, 9.880275, -16.756754, 2.778354
0, 4.191651, 6.254801, -16.490664, 2.274377
0, 6.068928, 10.138395, -9.366531, 1.852694
0, 1.628980, 8.479938, -13.445969, 2.235134
0, 6.609375, 11.269304, -15.822329, 2.397623
0, 1.199349, 10.558248, -13.530330, 1.380279
0, 1.776967, 10.051306, -10.570240, 1.509287
0, 6.140346, 11.435874, -8.338068, 2.013855
0, 6.642094, 12.728933, -15.363385, 2.197793
0, 5.585042, 12.258713, -11.529353, 2.228715
0, 8.305991, 8.965578, -16.303396, 2.578516
0, 2.826670, 6.159124, -13.452075, 1.211278
0, 4.638113, 7.694267, -11.512716, 1.626106
0, 3.481613, 12.219583, -13.841614, 2.084727
0, 7.551184, 7.397837, -15.513913, 2.077796
0, 6.383415, 8.031795, -16.572708, 2.666179
0, 6.950649, 8.660007, -15.564847, 2.701135
0, 7.858338, 11.900572, -10.235886, 1.874162
0, 7.069497, 12.819480, -11.105333, 1.977530
0, 6.063805, 13.344797, -10.271587, 2.220100
0, 7.200911, 11.349251, -12.221163, 2.437622
0, 3.175773, 6.757731, -12.187940, 1.367192
0, 6.319425, 9.836386, -10.707352, 1.694040
0, 5.222865, 12.084423, -9.783089, 2.498541
0, 6.079005, 6.189493, -15.457433, 1.653067
0, 6.724897, 11.675769, -10.018522, 2.303696
0, 8.899116, 13.365752, -13.113882, 2.074398
0, 4.329258, 13.266876, -15.527507, 2.279130
0, 8.825379, 10.937531, -12.878462, 2.811103
0, 2.142772, 9.427474, -14.621729, 2.731770
0, 9.371685, 9.209034, -15.463552, 1.915308
0, 1.706162, 8.099980, -12.116304, 1.825372
0, 7.223867, 14.080839, -10.030374, 1.823208
0, 7.430128, 7.754036, -17.075650, 1.933918
0, 8.570618, 7.612705, -16.845003, 1.731219
0, 5.668425, 11.659544, -20.764305, 2.243124
0, 5.493319, 7.070226, -16.181640, 2.620439
0, 2.433533, 7.252807, -12.943007, 2.232107
0, 8.791424, 11.001671, -11.435065, 1.835013
0, 4.281748, 10.843576, -9.631861, 2.100859
0, 5.206269, 14.629185, -15.240190, 2.403125
0, 5.515874, 14.501760, -9.549365, 1.847268
0, 4.114237, 11.475403, -12.204608, 2.274546
0, 4.409937, 8.490638, -12.807287, 2.055327
0, 6.736260, 7.574133, -18.361503, 2.227042
0, 5.937256, 12.612354, -12.780559, 2.012580
0, 5.133046, 9.697272, -17.234008, 2.897660
0, 7.137121, 6.557833, -16.817114, 1.899073
0, 2.475345, 6.880870, -14.673355, 2.125672
0, 3.103527, 12.614805, -11.140414, 2.399741
0, 4.931240, 13.583896, -11.523613, 1.880190
0, 2.890955, 12.196086, -14.973603, 2.468375
0, 2.049117, 12.992934, -12.373844, 2.205490
0, 1.808453, 9.608448, -12.960966, 2.263229
0, 4.842086, 6.185926, -15.548523, 2.063916
0, 1.519988, 7.990757, -14.638120, 1.749673
0, 2.439218, 13.730574, -17.773943, 2.338343
0, 2.982882, 7.074304, -15.893760, 2.122542
0, 5.994579, 13.520183, -11.895822, 1.924139
0, 6.036682, 9.768972, -16.035956, 2.314463
0, 3.229367, 13.051329, -19.535995, 2.335586
0, 4.513200, 13.020865, -13.254039, 1.996995
0, 3.668287, 12.174007, -8.850957, 1.919272
0, 5.395348, 7.550746, -17.639878, 3.399624
0, 1.356835, 11.131008, -11.751715, 1.542744
0, 1.704217, 11.951226, -9.712302, 1.925320
0, 4.336239, 11.203563, -8.531274, 1.568810
0, 8.545969, 10.772450, -15.791923, 3.164141
0, 1.272699, 12.087863, -12.408805, 1.191939
0, 2.206885, 9.709427, -15.902328, 1.912384
0, 5.015557, 12.078984, -8.369464, 1.715777
0, 1.856992, 13.479876, -13.728898, 1.914928
0, 5.564960, 5.791992, -17.342116, 1.686927
0, 6.122188, 11.792820, -7.156212, 1.082846
0, 6.028408, 10.720706, -17.422629, 2.909424
0, 3.166896, 8.857207, -10.835962, 2.116972
0, 2.278574, 10.960499, -16.845568, 2.040349
0, 5.876773, 10.267908, -14.974721, 1.917935
0, 2.642157, 9.060679, -12.128552, 2.054892
0, 7.058622, 11.031516, -20.284667, 2.831504
0, 1.552862, 9.101332, -11.463034, 1.838905
0, 6.834106, 14.674076, -11.976039, 2.043530
0, 4.596008, 8.082626, -10.511711, 1.243089
0, 4.144230, 14.023146, -12.716632, 1.982358
0, 8.461828, 12.022373, -9.224001, 1.030682
0, 6.663443, 10.351245, -18.545607, 2.638837
0, 7.101891, 8.639086, -19.044803, 2.347509
0, 2.048040, 13.522583, -15.222200, 2.000426
0, 5.360962, 7.553456, -18.862328, 1.356262
0, 7.749804, 8.370886, -21.195179, 2.395795
0, 1.615909, 13.129982, -10.741977, 1.998290
0, 4.787381, 9.716085, -19.185187, 1.853958
0, 2.784811, 14.465192, -12.057098, 1.848665
0, 1.650501, 6.576312, -13.712862, 1.380878
0, 2.819714, 8.416879, -9.037734, 1.328146
0, 4.666274, 12.262433, -6.661436, 1.309027
0, 4.307385, 12.286721, -17.685345, 2.577232
0, 5.438055, 12.586242, -7.411646, 1.698065
0, 6.129527, 13.677441, -6.748167, 2.069491
0, 3.208444, 13.442970, -6.952827, 1.997943
0, 9.194714, 12.842548, -10.689499, 1.874580
0, 5.594146, 11.850498, -17.398253, 2.753973
0, 7.981552, 7.745466, -18.141058, 2.046948
0, 5.387089, 10.720098, -7.973125, 1.605822
0, 4.551328, 13.272857, -7.200668, 1.559856
0, 2.106668, 10.786708, -12.705855, 2.015134
0, 5.687242, 12.007005, -13.664101, 1.802764
0, 7.060890, 10.608717, -9.271583, 1.278496
0, 9.985431, 12.570102, -12.296356, 1.424119
0, 3.775219, 9.061406, -8.874068, 1.441817
0, 7.551064, 11.977159, -8.344364, 1.730005
0, 5.448787, 13.733958, -8.125906, 1.772306
0, 2.874821, 13.737829, -13.118681, 1.873587
0, 7.269622, 7.367844, -20.454796, 1.666202
0, 0.672982, 8.224276, -11.089941, 1.170427
0, 8.378781, 9.556797, -19.559816, 2.303250
0, 7.136068, 13.524802, -7.614461, 2.120091
0, 5.944266, 8.663813, -19.634274, 2.131962
0, 3.663449, 15.479888, -11.477098, 1.936497
0, 5.179067, 14.921642, -12.765213, 2.339135
0, 7.031085, 10.187734, -15.636586, 2.217735
0, 7.415481, 13.127026, -14.109293, 1.938248
0, 3.605618, 14.618600, -19.572392, 2.778532
0, 6.624269, 6.364515, -17.875952, 1.872762
0, 5.040651, 12.428419, -19.909677, 2.475156
0, 6.398056, 9.592920, -20.827717, 1.934035
0, 2.256420, 12.444502, -17.007911, 1.911229
0, 1.389081, 7.019799, -11.554562, 1.188733
0, 9.623066, 12.266261, -13.499557, 1.875292
0, 7.475459, 10.658990, -17.714158, 2.501699
0, 7.693168, 6.942819, -19.342732, 2.682771
0, 2.936577, 14.399439, -14.711671, 2.533530
0, 9.228084, 7.497095, -17.894084, 0.991183
0, 6.586298, 13.192307, -9.267398, 2.145755
0, 8.353702, 12.416318, -13.669521, 2.224389
0, 8.151218, 13.263748, -14.942546, 2.187866
0, 4.963220, 13.092747, -8.843353, 1.865597
0, 2.472187, 13.647765, -16.278445, 2.203483
0, 3.185218, 7.555504, -10.320979, 1.070704
0, 6.135698, 16.098547, -10.270743, 2.187581
0, 4.161798, 14.101006, -6.418890, 1.630974
0, 2.648367, 16.613575, -11.914169, 2.161629
0, 5.013690, 16.014029, -15.311120, 2.225213
0, 6.959493, 13.091352, -19.832965, 2.708614
0, 7.877859, 9.898474, -21.124277, 3.129041
0, 5.945837, 12.804266, -14.406197, 1.818671
0, 9.012220, 8.852130, -18.067153, 2.639206
0, 4.363787, 12.652439, -11.003790, 2.100848
0, 2.823670, 14.631889, -10.799716, 1.978642
0, 3.113798, 13.532179, -10.368523, 1.672696
0, 8.359343, 8.330656, -19.830800, 2.625185
0, 9.825832, 7.716526, -20.235596, 1.637440
0, 7.104801, 9.631227, -19.660727, 2.572356
0, 5.107219, 13.761613, -16.823038, 2.808485
0, 3.789099, 13.635609, -16.548848, 2.463743
0, 7.823201, 15.056507, -12.937213, 2.228894
0, 5.355144, 17.807624, -10.003771, 1.986377
0, 8.164930, 6.519642, -21.053876, 0.909123
0, 10.122455, 10.770494, -14.515261, 1.646163
0, 8.414426, 11.130972, -20.865250, 2.402623
0, 8.015416, 12.208367, -15.944899, 2.287528
0, 3.856738, 17.899963, -12.103989, 2.267706
0, 7.338419, 13.928113, -11.256298, 1.663524
0, 9.891412, 14.792986, -12.534228, 2.401645
0, 2.769786, 11.359292, -9.284803, 1.829163
0, 5.268445, 15.606041, -9.702626, 1.999199
0, 1.137768, 13.427871, -9.188508, 1.455514
0, 3.675810, 13.298433, -14.346723, 2.431170
0, 7.660855, 12.864636, -9.641590, 1.980346
0, 2.003847, 7.580877, -10.195560, 1.128306
0, 5.800945, 14.843082, -5.747081, 1.580637
0, 6.860025, 9.020778, -11.169389, 1.129564
0, 3.269766, 11.264449, -8.265525, 1.699801
0, 7.637437, 14.456709, -15.074082, 1.910022
0, 2.925267, 15.655524, -12.481470, 1.744373
0, 3.238092, 16.629277, -10.997710, 2.055264
0, 6.079293, 12.644860, -8.441062, 1.950165
0, 7.242394, 11.502269, -19.159067, 2.104454
0, 2.380000, 7.984340, -11.221337, 1.795728
0, 0.955792, 8.154380, -9.676348, 1.215205
0, 9.557006, 9.220898, -16.785509, 2.365657
0, 1.110202, 12.193145, -11.061113, 1.108444
0, 8.205621, 13.690922, -8.445524, 2.078498
0, 9.001015, 13.001787, -11.961118, 1.736699
0, 4.099626, 14.506519, -8.756262, 1.723154
0, 6.310931, 7.453290, -19.712735, 1.263973
0, 9.196698, 10.716420, -17.371798, 3.185921
0, 5.487487, 13.897390, -13.852490, 2.416830
0, 7.880039, 9.285156, -18.139912, 2.450895
0, 3.648971, 10.869471, -16.774249, 2.451095
0, 5.454708, 13.443126, -15.216921, 1.951238
0, 5.007465, 14.495652, -10.679830, 1.831583
0, 9.624631, 9.686184, -19.015522, 2.657898
0, 6.707570, 17.381469, -9.035906, 2.465781
0, 8.454723, 7.415682, -21.823371, 1.633886
0, 3.675618, 15.221859, -15.012715, 2.714224
0, 8.487914, 9.701912, -12.964997, 2.137395
0, 9.505526, 11.465455, -12.163433, 1.487066
0, 8.888318, 12.676041, -21.489202, 2.644048
0, 9.762422, 7.786436, -22.074789, 2.227431
0, 10.722466, 12.724714, -14.882461, 2.407674
0, 6.000004, 16.394447, -8.120051, 1.919669
0, 9.788081, 11.751120, -19.818903, 2.295184
0, 6.778838, 15.684797, -13.364634, 2.256425
0, 2.210567, 15.436077, -13.561752, 2.314234
0, 1.374204, 14.520876, -10.663028, 0.987130
0, 4.577314, 12.577208, -14.334666, 2.118660
0, 9.280571, 12.869271, -9.515687, 1.234672
0, 10.397013, 11.426944, -13.667897, 1.453913
0, 3.702662, 9.609603, -7.962800, 1.064821
0, 1.714876, 10.464057, -9.399837, 1.590395
0, 3.885646, 14.059690, -11.280768, 2.176879
0, 4.444792, 14.158632, -18.141663, 3.234006
0, 8.197857, 14.619770, -10.811987, 1.624846
0, 4.960291, 17.400137, -9.085482, 1.883927
0, 8.398425, 10.609979, -18.971203, 2.515988
0, 10.115547, 10.643210, -16.155624, 2.484281
0, 3.019640, 10.238106, -9.685474, 2.324278
0, 1.875041, 13.980129, -11.585683, 1.653358
0, 6.653466, 15.101445, -9.454009, 1.613930
0, 9.871135, 13.967791, -10.437448, 2.151406
0, 9.187185, 7.855566, -19.158118, 2.252024
0, 5.440529, 14.539832, -6.974682, 1.719862
0, 2.601680, 12.445093, -10.166047, 1.725729
0, 5.030447, 16.224291, -8.845430, 1.835339
0, 2.024026, 9.663055, -8.629348, 1.719666
0, 4.411409, 16.287514, -12.654717, 2.403125
0, 4.865515, 13.484660, -10.045888, 1.758095
0, 10.604013, 11.467766, -15.361462, 1.689176
0, 4.692194, 17.060738, -6.881669, 1.819544
0, 5.208284, 16.120114, -4.413008, 1.476820
0, 8.782440, 15.123237, -13.648268, 2.218180
0, 3.104398, 17.700961, -10.982386, 1.969062
0, 4.277212, 14.703597, -13.614517, 2.034853
0, 6.214987, 14.625512, -10.415458, 1.796098
0, 2.144119, 11.202074, -8.273307, 1.984657
0, 3.386811, 15.027882, -17.936485, 2.230090
0, 6.629008, 13.992625, -14.365445, 2.169375
0, 3.730180, 13.566997, -8.198683, 1.850214
0, 7.387674, 12.209680, -13.180530, 2.060503
0, 6.261373, 14.160005, -12.786855, 2.044008
0, 9.298862, 12.430307, -17.531103, 2.677505
0, 8.179820, 11.269583, -22.116068, 2.506468
0, 6.568718, 12.619730, -16.721352, 2.406785
0, 4.575833, 15.306998, -18.579011, 2.204192
0, 5.050834, 14.962320, -8.272079, 1.504290
0, 3.478926, 12.726154, -12.803522, 1.995312
0, 6.888615, 16.844287, -12.552257, 2.431392
0, 3.076783, 14.566703, -16.558953, 2.279047
0, 7.421878, 14.836068, -8.243237, 1.947337
0, 5.707947, 15.459947, -7.628874, 1.502405
0, 8.398232, 8.851960, -22.433037, 1.779973
0, 1.884270, 14.138867, -12.700696, 1.297041
0, 2.313913, 12.771353, -9.071596, 1.777950
0, 4.368543, 11.344004, -7.324530, 1.730949
0, 8.481792, 8.228918, -15.333393, 1.596723
0, 1.569416, 15.458627, -11.223155, 1.410128
0, 6.118305, 14.302759, -16.091697, 1.997307
0, 2.060170, 9.134796, -10.072171, 2.274844
0, 2.848067, 14.042255, -9.462746, 1.765284
0, 3.858805, 12.492194, -7.322111, 1.614083
0, 10.126700, 13.426877, -12.996992, 2.107692
0, 2.319325, 14.651064, -15.658783, 1.681952
0, 7.405171, 13.807576, -13.115905, 1.799659
0, 4.550845, 15.794662, -10.818173, 2.581971
0, 11.044527, 13.129331, -12.404667, 0.817912
0, 10.381136, 11.655624, -16.940774, 2.231650
0, 8.765871, 14.409596, -11.800241, 2.006597
0, 8.746793, 11.300211, -10.351183, 0.951550
0, 2.358559, 13.909325, -18.987129, 1.276827
0, 9.626761, 11.890463, -16.050860, 2.481894
0, 11.162031, 14.468866, -13.188358, 2.282340
0, 5.707291, 16.707442, -6.834639, 1.775831
0, 8.126331, 13.299724, -10.799713, 1.776458
0, 3.023319, 16.400471, -18.806533, 2.811370
0, 9.877785, 12.165688, -11.165836, 0.878824
0, 7.425550, 15.654137, -10.919697, 1.971650
0, 11.342764, 16.161827, -14.030215, 2.714200
0, 7.279922, 12.761476, -20.938957, 2.523405
0, 7.232302, 12.489209, -18.376193, 2.407594
0, 10.344357, 15.674305, -13.125802, 2.165743
0, 9.587345, 12.832763, -14.462453, 2.506914
0, 3.024986, 16.089304, -9.584358, 1.561148
0, 1.367661, 13.451460, -8.013684, 1.327329
0, 5.726675, 14.834452, -11.516711, 1.962514
0, 8.098715, 6.650913, -17.714620, 1.069923
0, 8.518935, 12.911983, -19.424418, 2.240922
0, 5.624907, 14.854306, -18.763308, 2.056153
0, 3.779642, 16.957318, -9.293381, 1.926591
0, 9.815952, 10.020554, -21.309424, 2.552243
0, 0.856766, 10.095347, -9.973432, 0.809559
0, 6.640436, 14.183741, -21.235680, 2.460434
0, 8.614230, 10.513002, -22.947603, 1.518074
0, 3.352118, 19.369822, -10.529584, 2.116142
0, 10.863997, 12.567669, -16.165338, 2.563654
0, 3.741561, 19.050184, -9.069335, 1.793273
0, 3.845009, 14.283916, -9.814441, 1.624581
0, 6.141909, 13.366159, -18.207151, 3.051777
0, 3.200444, 8.599496, -17.123370, 1.464056
0, 1.083963, 7.560271, -12.853941, 1.093572
0, 3.044557, 12.706712, -8.122981, 1.715430
0, 2.897970, 17.016811, -13.482186, 1.827477
0, 4.457426, 17.723011, -5.389016, 2.028252
0, 6.895936, 11.590848, -21.658058, 2.497315
0, 9.915747, 15.647069, -11.183994, 2.004909
0, 4.233693, 13.288229, -20.907029, 1.691875
0, 9.323037, 13.801944, -15.713208, 2.818085
0, 2.279588, 13.965818, -5.622505, 0.999194
0, 9.861190, 14.398739, -11.434301, 1.716482
0, 1.007193, 11.496212, -8.323851, 0.890588
0, 10.322290, 14.748601, -14.163806, 2.854233
0, 3.555297, 17.444741, -14.345431, 1.708409
0, 8.598407, 16.276313, -14.395972, 2.007856
0, 11.096899, 17.474535, -12.846782, 2.276309
0, 10.655393, 10.644290, -18.456717, 2.097876
0, 3.321627, 10.764936, -7.342589, 1.243826
0, 8.229517, 15.355525, -11.747926, 2.108578
0, 7.587316, 12.321045, -22.648990, 2.148996
0, 5.492112, 16.588249, -12.068253, 2.111810
0, 0.930349, 10.953374, -10.611500, 0.868003
0, 7.793824, 16.065300, -8.446202, 1.990324
0, 6.241561, 15.825058, -11.527812, 2.129712
0, 4.326372, 17.188764, -10.389673, 2.163919
0, 3.699569, 15.187154, -7.727794, 1.703646
0, 6.146690, 6.199847, -18.994845, 1.062092
0, 9.839388, 13.745574, -18.804763, 2.413201
0, 9.394695, 8.677849, -21.109152, 2.674629
0, 8.351392, 11.855901, -18.884124, 2.117898
0, 9.598071, 13.826274, -8.961570, 1.204766
0, 7.323529, 15.406132, -21.421537, 2.695120
0, 7.298888, 16.323264, -14.622049, 1.861452
0, 2.347732, 12.316726, -6.926570, 2.082788
0, 5.093590, 13.589111, -21.919750, 1.017075
0, 3.739269, 17.553383, -17.313031, 2.452067
0, 3.657161, 12.591917, -6.282924, 1.327954
0, 8.384240, 14.038774, -9.689034, 1.999192
0, 3.890601, 13.107435, -9.624590, 1.911478
0, 8.075686, 14.527975, -20.225560, 2.587282
0, 7.096005, 14.986558, -23.313336, 1.635872
0, 2.330382, 16.910026, -14.532554, 1.662282
0, 0.896099, 9.856697, -8.917682, 0.886589
0, 4.383025, 14.970433, -5.657624, 1.527807
0, 4.812554, 20.287106, -9.970040, 1.592050
0, 6.026409, 16.893027, -10.984374, 2.158977
0, 8.973845, 15.604738, -8.038107, 1.625353
0, 7.632777, 16.621485, -13.578046, 1.977789
0, 5.931244, 11.608973, -14.801080, 1.925165
0, 10.402538, 9.236106, -20.491534, 2.578819
0, 7.100924, 16.965860, -10.586124, 2.011083
0, 3.846867, 18.110031, -8.355409, 1.758350
0, 10.285830, 13.311234, -11.214676, 1.264049
0, 7.793154, 17.137227, -7.905231, 1.973624
0, 1.960058, 16.822819, -8.652492, 2.001809
0, 4.401779, 15.007430, -16.425011, 2.504055
0, 10.093167, 15.435304, -9.955828, 2.147014
0, 0.680966, 9.162114, -10.504618, 0.885875
0, 5.218237, 14.990797, -17.478953, 2.127411
0, 3.215002, 14.865321, -13.369966, 1.742695
0, 6.238397, 18.450412, -9.561233, 1.987080
0, 4.907844, 14.036807, -19.742886, 2.788694
0, 3.772327, 20.548097, -9.593640, 1.782369
0, 2.114778, 16.302755, -10.156037, 1.812990
0, 4.694398, 20.969274, -8.108061, 1.803900
0, 9.064808, 15.107196, -10.344761, 1.910104
0, 5.072930, 13.511622, -5.920962, 1.589216
0, 11.724433, 13.235957, -17.092593, 2.509380
0, 3.716491, 16.958789, -7.512894, 1.774622
0, 11.142200, 13.890059, -15.426679, 2.572620
0, 11.314993, 13.554043, -13.929143, 1.890635
0, 5.418141, 20.783147, -9.079404, 1.795381
0, 7.743430, 15.136299, -9.470646, 1.985563
0, 3.012839, 16.557370, -16.046076, 2.588890
0, 3.828474, 19.208823, -12.020435, 2.226678
0, 1.932076, 14.887217, -8.310470, 2.210152
0, 3.453836, 15.306921, -10.229096, 1.829460
0, 3.307519, 9.794320, -15.029500, 1.975893
0, 9.567965, 11.748960, -14.872048, 1.859756
0, 9.103952, 17.430795, -13.771855, 2.495870
0, 3.812780, 15.636122, -8.744251, 1.675276
0, 7.255925, 16.360188, -6.924677, 2.214639
0, 6.218103, 13.919039, -22.466423, 1.877739
0, 1.858201, 18.829372, -10.946071, 1.105619
0, 2.188647, 18.065907, -8.711322, 1.838301
0, 8.252978, 11.883943, -17.693507, 2.219181
0, 11.762084, 14.689167, -14.608571, 1.903579
0, 5.104094, 16.601961, -14.334398, 1.881896
0, 6.827098, 16.155294, -8.841670, 1.905771
0, 8.722271, 16.971396, -9.088640, 2.492825
0, 4.170359, 18.521334, -10.100122, 2.278401
0, 4.407593, 15.254778, -6.718352, 1.513350
0, 9.785967, 14.007732, -16.863322, 3.485156
0, 1.881278, 17.445357, -10.086356, 1.411488
0, 7.923013, 14.430870, -16.499321, 2.489063
0, 5.812788, 13.358614, -20.177316, 2.312378
0, 4.605935, 17.781692, -14.589995, 1.954926
0, 5.793879, 17.845841, -6.304786, 2.206155
0, 5.560160, 15.305917, -16.323251, 1.958241
0, 5.099831, 17.203060, -7.873935, 1.905684
0, 11.766509, 10.935317, -20.700559, 2.570489
0, 6.100185, 18.163899, -14.893308, 2.328129
0, 3.630670, 16.209778, -13.909565, 2.143688
0, 2.793734, 15.712888, -17.193578, 2.752760
0, 3.402558, 18.662131, -13.868958, 1.939163
0, 4.390671, 17.230132, -13.302782, 1.939437
0, 8.103047, 13.834789, -7.350727, 0.740656
0, 4.365879, 15.018480, -20.799778, 3.395942
0, 10.742885, 12.527489, -17.782998, 2.394687
0, 2.583936, 18.923033, -14.885122, 1.681207
0, 9.608142, 10.857081, -19.071491, 2.147187
0, 11.094225, 15.598079, -10.912033, 1.895959
0, 5.825567, 12.732535, -21.425523, 2.415466
0, 9.160602, 10.302799, -20.262958, 2.464497
0, 8.412328, 14.066551, -13.953487, 1.982994
0, 4.227521, 16.628476, -16.187692, 2.559301
0, 11.094399, 16.341019, -16.011829, 2.959668
0, 8.361389, 14.118302, -19.043603, 2.406835
0, 2.250751, 13.882797, -8.495686, 1.619404
0, 3.061446, 17.380042, -8.324897, 1.482163
0, 5.985779, 15.420750, -14.468331, 2.088985
0, 4.478636, 16.896586, -18.176069, 2.218322
0, 6.972743, 16.684811, -18.846042, 2.496900
0, 10.751895, 12.327577, -13.126981, 1.108165
0, 10.863613, 16.517026, -10.157008, 1.708507
0, 6.157351, 18.503259, -17.944957, 3.039049
0, 5.267691, 17.796469, -13.680880, 1.951292
0, 8.447945, 16.933113, -12.524061, 1.982419
0, 2.437159, 17.891956, -12.032910, 1.725880
0, 6.820475, 15.084854, -5.704219, 1.326921
0, 10.979731, 14.196095, -11.661878, 1.729754
0, 5.993125, 19.386476, -14.279256, 2.708025
0, 7.999905, 16.464675, -11.387570, 1.899001
0, 1.233534, 15.213946, -7.121654, 1.227862
0, 7.086922, 16.573434, -23.365248, 2.276077
0, 2.628393, 15.207816, -18.868223, 1.623448
0, 2.633966, 10.081372, -11.247956, 2.079429
0, 11.529439, 15.996500, -12.443382, 2.454500
0, 6.321525, 15.436165, -17.230153, 2.640826
0, 2.668197, 17.892179, -17.662171, 1.915407
0, 5.140326, 17.712652, -15.655774, 2.023179
0, 3.931473, 15.189326, -12.505858, 1.658717
0, 6.453130, 14.268258, -8.356081, 1.960292
0, 2.871899, 11.950194, -18.660500, 1.523851
0, 2.814370, 18.518523, -9.930568, 1.865427
0, 6.632789, 15.252830, -15.629293, 2.108471
0, 10.563039, 17.206732, -8.866120, 1.700336
0, 2.070268, 18.188935, -6.801278, 1.767943
0, 2.795573, 15.308848, -20.129773, 1.713361
0, 8.454637, 17.260613, -15.277541, 1.973346
0, 4.793887, 17.009089, -19.912290, 2.613787
0, 9.266680, 15.562133, -15.966564, 2.373063
0, 7.247742, 14.901740, -7.062258, 1.926336
0, 6.156159, 11.918713, -18.448748, 2.080561
0, 10.213902, 15.632872, -8.816033, 1.457115
0, 8.943860, 14.493789, -8.287807, 1.582158
0, 7.971769, 14.821999, -17.703794, 2.398827
0, 3.574050, 17.288936, -20.461265, 2.466940
0, 1.551036, 14.873631, -9.669567, 1.621276
0, 9.919803, 17.044712, -10.126424, 2.034455
0, 8.877419, 15.209078, -22.959239, 3.167551
0, 9.831901, 11.521683, -21.130247, 2.734219
0, 6.538591, 16.329297, -5.314423, 1.671757
0, 5.371785, 16.694089, -17.464489, 2.685084
0, 6.791779, 14.557619, -18.065686, 2.287820
0, 5.355364, 16.085721, -19.007437, 2.014616
0, 2.437476, 19.407621, -9.152189, 2.114816
0, 6.175423, 16.561317, -20.169047, 2.931237
0, 2.765334, 14.361689, -7.605035, 2.038374
0, 6.497121, 17.615666, -4.895808, 1.584845
0, 8.491283, 15.979567, -6.925947, 1.508517
0, 3.626933, 18.367335, -6.070566, 1.989147
0, 0.997830, 9.941802, -11.946881, 1.180475
0, 7.755219, 12.986647, -17.304414, 2.092988
0, 11.213049, 9.815717, -21.518305, 2.284457
0, 9.681535, 17.306110, -12.243027, 1.843948
0, 4.829062, 10.466336, -12.872036, 1.961251
0, 1.712899, 12.455429, -8.128843, 1.820609
0, 7.219714, 13.691202, -15.973410, 1.934252
0, 8.281000, 17.263758, -10.500540, 1.675807
0, 8.523802, 13.517664, -18.006564, 2.556109
0, 5.049904, 15.153622, -4.735528, 1.083763
0, 2.569435, 20.145351, -11.025478, 1.790281
0, 6.829450, 14.781329, -19.707630, 2.636928
0, 3.001057, 15.052227, -9.170579, 1.530344
0, 4.765877, 17.669256, -11.416159, 2.350036
0, 2.072061, 17.038850, -7.566591, 2.125610
0, 5.539609, 18.203391, -8.576241, 2.095977
0, 4.538561, 18.862168, -20.646891, 2.189308
0, 3.027692, 16.125087, -8.102040, 1.842857
0, 11.502084, 16.839778, -11.390645, 1.481706
0, 7.605384, 16.819410, -5.417580, 1.437460
0, 4.967283, 12.262133, -18.639119, 2.762327
0, 5.812939, 15.388167, -19.819263, 2.334385
0, 6.786565, 16.378784, -15.955623, 2.002672
0, 10.950876, 9.988761, -19.605585, 2.402024
0, 6.887387, 18.021321, -7.503391, 2.569409
0, 1.564750, 13.277530, -6.966540, 1.328599
0, 9.059039, 16.933960, -6.503588, 1.098424
0, 6.693941, 17.462930, -13.563982, 2.216604
0, 7.183314, 13.862919, -6.488831, 0.790786
0, 5.280715, 21.639637, -11.122257, 2.015799
0, 6.037627, 17.764634, -22.490093, 3.770036
0, 3.007697, 17.950730, -15.520761, 2.289937
0, 1.633269, 14.687691, -6.280623, 0.920069
0, 2.602855, 18.958859, -11.710237, 1.940372
0, 3.202308, 21.291005, -10.628105, 1.371600
0, 7.516717, 17.929439, -19.007958, 2.636391
0, 2.528245, 15.473935, -7.054207, 1.842056
0, 4.173284, 21.777102, -11.082695, 2.106503
0, 4.929358, 19.747111, -10.939109, 2.204697
0, 5.466386, 14.399398, -20.899323, 2.311597
0, 9.502372, 14.995054, -18.305017, 2.458237
0, 7.626358, 16.354898, -17.368653, 2.446439
0, 6.485682, 15.662264, -6.968978, 1.722563
0, 5.292632, 14.713057, -22.331460, 1.708699
0, 9.763169, 12.504952, -18.719031, 2.271731
0, 8.087243, 17.758327, -14.283529, 1.925857
0, 5.080580, 18.538431, -16.745260, 2.018384
0, 10.436850, 12.048766, -22.034950, 1.952163
0, 2.122582, 15.568734, -5.311861, 0.887991
0, 2.050894, 19.412782, -7.803166, 1.326432
0, 8.019770, 16.404762, -20.890197, 2.973217
0, 3.546325, 13.960916, -5.537952, 1.367620
0, 9.174075, 13.806525, -20.878068, 2.819743
0, 10.224341, 16.825054, -13.727790, 2.122758
0, 6.878495, 10.354283, -21.976944, 1.361969
0, 10.858918, 13.947898, -18.302604, 3.002176
0, 7.967227, 18.444616, -9.342101, 2.065145
0, 9.743755, 18.314900, -8.647447, 2.474483
0, 5.452299, 18.584287, -11.821796, 1.930666
0, 2.883172, 16.463779, -6.714196, 1.578378
0, 3.650875, 18.249585, -7.250244, 1.790793
0, 10.249870, 10.840961, -22.150958, 2.652066
0, 2.743543, 19.829788, -12.861269, 2.000219
0, 9.209320, 16.120919, -12.985845, 2.290215
0, 9.781331, 16.091409, -14.935152, 2.326511
0, 4.131692, 17.928838, -19.283488, 2.394358
0, 3.505586, 14.999432, -5.064192, 1.659648
0, 10.726781, 11.741349, -19.119981, 2.688302
0, 3.588302, 17.872293, -21.742571, 2.028224
0, 7.659209, 15.039955, -18.832348, 1.841840
0, 4.175169, 18.425558, -13.036676, 1.945293
0, 5.939939, 19.554623, -9.659298, 1.829473
0, 4.458779, 20.444146, -7.101641, 1.843749
0, 8.006756, 13.465799, -12.145734, 1.655452
0, 1.769550, 16.623603, -6.436158, 1.648988
0, 5.941822, 15.349314, -8.698212, 1.370952
0, 7.633246, 18.049599, -13.018161, 2.021573
0, 5.351337, 15.770202, -6.232734, 1.857029
0, 7.864510, 17.878621, -23.604012, 2.171839
0, 11.693628, 12.592670, -18.967958, 2.992530
0, 6.154020, 16.565150, -15.035045, 2.040424
0, 9.464611, 12.850389, -20.151387, 2.326042
0, 6.321881, 18.368713, -16.306806, 1.815812
0, 5.301162, 18.610457, -5.076935, 1.767686
0, 9.268348, 16.671045, -7.798570, 1.925242
0, 8.950868, 17.439434, -22.046078, 3.229601
0, 9.631345, 17.921556, -7.416624, 1.866096
0, 5.462766, 18.952575, -21.419697, 2.590767
0, 7.284085, 18.497364, -13.997366, 1.900490
0, 8.098169, 15.790622, -15.285714, 1.882435
0, 10.015304, 18.047929, -11.141416, 2.037413
0, 9.576900, 18.024422, -14.844668, 2.839242
0, 6.763384, 18.629201, -23.182541, 2.484392
0, 4.933641, 18.667125, -7.001996, 2.368936
0, 6.239029, 18.313482, -19.968228, 3.195736
0, 8.141034, 18.032056, -11.264387, 2.188626
0, 10.008690, 9.020733, -22.088770, 2.591669
0, 11.047012, 12.724090, -20.648645, 2.688531
0, 6.712870, 18.210886, -11.843500, 2.158357
0, 5.158119, 19.788654, -7.980680, 1.914699
0, 7.949669, 15.635628, -16.386428, 2.066501
0, 9.150290, 15.965798, -9.143655, 1.929393
0, 12.891829, 13.155342, -21.135746, 1.668490
0, 12.346808, 13.982710, -19.301613, 3.059024
0, 8.971714, 14.775385, -14.890040, 2.324598
0, 3.579752, 15.591146, -6.212092, 1.542912
0, 6.478130, 19.307671, -8.080816, 2.346695
0, 2.218567, 15.820391, -15.612973, 1.713877
0, 0.830992, 11.264146, -9.348598, 0.780016
0, 11.755250, 11.866716, -21.632522, 2.632964
0, 3.608215, 20.426275, -8.159166, 1.827456
0, 10.286320, 18.265999, -12.403882, 2.106181
0, 3.367300, 19.506587, -15.889815, 2.394179
0, 7.434832, 18.430342, -20.347642, 2.812646
0, 4.941332, 18.950341, -9.290571, 1.821495
0, 4.838107, 20.324962, -13.471940, 2.635356
0, 4.124167, 19.239358, -16.880470, 2.073607
0, 8.309765, 12.199001, -20.366499, 2.288761
0, 5.886130, 17.333676, -16.453956, 2.258624
0, 5.197256, 21.991161, -9.295475, 2.153315
0, 3.959185, 16.622101, -5.945127, 2.023843
0, 1.610866, 18.518166, -5.885410, 0.973013
0, 12.420633, 14.048991, -16.062974, 0.940504
0, 5.151776, 14.218031, -5.125253, 0.675854
0, 11.359991, 20.056965, -13.011149, 1.681774
0, 4.087440, 21.584167, -12.744624, 1.887985
0, 8.091102, 18.065537, -16.323091, 2.758299
0, 3.826674, 16.178546, -20.123129, 2.806074
0, 8.389713, 17.537973, -5.704082, 1.285618
0, 6.288154, 18.908262, -12.615610, 1.896940
0, 4.128225, 16.347497, -4.513225, 1.832019
0, 4.529178, 14.443850, -7.534551, 1.374771
0, 12.729150, 15.756852, -20.004704, 2.697819
0, 1.881462, 15.290000, -12.518700, 1.294239
0, 9.834094, 14.123741, -22.066036, 3.150552
0, 7.344976, 18.485442, -15.113385, 2.086593
0, 8.425887, 14.975739, -7.317363, 1.223346
0, 8.679226, 19.336864, -9.880498, 2.033055
0, 11.333993, 15.260896, -18.112040, 2.648206
0, 10.550662, 21.542904, -13.078823, 1.210132
0, 3.887524, 20.409097, -10.762163, 1.866464
0, 6.296169, 16.866663, -4.152294, 1.016356
0, 5.729790, 16.316515, -13.316426, 2.057677
0, 7.876531, 16.057042, -6.044442, 1.421845
0, 7.976772, 15.902128, -19.698637, 2.761638
0, 8.036892, 19.884943, -11.947739, 2.626620
0, 3.919134, 16.595294, -21.616635, 3.021341
0, 1.881966, 16.977725, -11.046251, 1.257891
0, 9.855140, 15.268723, -17.083301, 2.610978
0, 5.635031, 16.453310, -21.249187, 3.359609
0, 7.402537, 11.556427, -14.940147, 2.137776
0, 3.436601, 16.438516, -15.004026, 1.944649
0, 4.220476, 12.438778, -16.286240, 2.200676
0, 6.126664, 19.338914, -15.755798, 1.931890
0, 2.688209, 14.979571, -6.032598, 1.595835
0, 11.804295, 13.864641, -22.341376, 3.142692
0, 3.524588, 19.477782, -6.740381, 1.983934
0, 8.860043, 22.617933, -12.223633, 1.833167
0, 12.143833, 12.281054, -20.409148, 2.307074
0, 6.533440, 13.682993, -17.182883, 2.074862
0, 3.879998, 20.519381, -14.491990, 2.396601
0, 7.445750, 17.579368, -17.865247, 2.454862
0, 5.844772, 17.696945, -12.390431, 1.935328
0, 5.044276, 17.820385, -4.069570, 1.652904
0, 7.397473, 14.958012, -14.110530, 1.935356
0, 8.542667, 18.022641, -12.272574, 2.036880
0, 11.485783, 14.769463, -16.531934, 2.776238
0, 9.625160, 15.035540, -19.587827, 3.224011
0, 7.963079, 16.284475, -10.013985, 1.862188
0, 9.072636, 19.073227, -12.695638, 2.039118
0, 3.638695, 19.381588, -18.061239, 2.600968
0, 10.435629, 18.618413, -10.204689, 2.050225
0, 5.027486, 15.583930, -13.826151, 1.859395
0, 7.345461, 11.720070, -16.718009, 2.294613
0, 5.723826, 16.787265, -5.730690, 1.600770
0, 10.889934, 19.578256, -10.963417, 1.718115
0, 2.734486, 17.542836, -18.967666, 1.761026
0, 8.366394, 13.383347, -23.273972, 2.004401
0, 2.548197, 17.534627, -6.150557, 1.766671
0, 8.042325, 19.783821, -16.728670, 2.604135
0, 9.336173, 19.631298, -11.689801, 2.021632
0, 3.764659, 18.622997, -4.597136, 1.566306
0, 6.318313, 12.075512, -19.619090, 2.201806
0, 3.002262, 17.480527, -9.786567, 1.703814
0, 2.053649, 15.722955, -9.206070, 1.652708
0, 3.490999, 17.064626, -5.069916, 1.312793
0, 10.908820, 15.083395, -22.702552, 2.887873
0, 9.455330, 16.644512, -16.979276, 2.444135
0, 10.690870, 15.268199, -15.358925, 2.570010
0, 6.622432, 20.304815, -8.954988, 1.767151
0, 5.477572, 18.703043, -19.065074, 2.595086
0, 6.958789, 19.007800, -6.714946, 2.062514
0, 7.156637, 19.887317, -19.087755, 2.771242
0, 12.467939, 15.126561, -17.968127, 2.071788
0, 2.154261, 19.597635, -6.456899, 1.179448
0, 9.746250, 18.637014, -17.580852, 2.435252
0, 7.590896, 19.249281, -8.183590, 1.860616
0, 4.892366, 19.637834, -12.295476, 1.777036
0, 2.592317, 18.041608, -13.109339, 1.903301
0, 5.479129, 19.700812, -16.885731, 2.480804
0, 7.970539, 20.129216, -14.510285, 2.311417
0, 8.477241, 19.190306, -15.020726, 2.298054
0, 5.802514, 17.080556, -18.476989, 2.627873
0, 10.489030, 17.160275, -18.306037, 2.654823
0, 9.729598, 16.315406, -20.817423, 2.791330
0, 7.286850, 16.694141, -21.992811, 3.113680
0, 9.554063, 16.864132, -15.724302, 2.292182
0, 10.914130, 14.487077, -20.363463, 2.702389
0, 5.817493, 19.737958, -23.476517, 2.789584
0, 8.362966, 14.593602, -21.453615, 2.217063
0, 12.523261, 17.795866, -20.756386, 2.603749
0, 11.530847, 18.325326, -16.809098, 2.360960
0, 4.619754, 17.583011, -21.053519, 2.577425
0, 9.865075, 9.818822, -17.884990, 2.217942
0, 8.774775, 6.913174, -20.100688, 1.585784
0, 8.433200, 15.916486, -18.227620, 2.751187
0, 2.907734, 19.241345, -19.071667, 1.817147
0, 13.066539, 17.161884, -21.738423, 2.339567
0, 5.025273, 21.425956, -6.802347, 1.483855
0, 6.315142, 20.589101, -20.488145, 2.788794
0, 7.741553, 19.659725, -5.644548, 1.506054
0, 7.259754, 20.125184, -7.214834, 1.940240
0, 2.573322, 17.503071, -5.109877, 1.856869
0, 12.613225, 12.730588, -22.619122, 2.217041
0, 2.984563, 18.994055, -5.328490, 2.248694
0, 8.982421, 18.443225, -6.617470, 1.318909
0, 6.591299, 19.369225, -20.997843, 2.955117
0, 7.074561, 18.179192, -4.050133, 0.822089
0, 8.282964, 19.185859, -13.462372, 2.048967
0, 4.214777, 19.364029, -5.531565, 2.146248
0, 12.495930, 16.403118, -15.477821, 1.362829
0, 10.407111, 16.601503, -11.802411, 2.046801
0, 8.460870, 20.217358, -15.688176, 2.067830
0, 8.361598, 17.129589, -19.096564, 2.738683
0, 7.689269, 18.206788, -8.254006, 1.763086
0, 2.704939, 20.397271, -6.914651, 1.051468
0, 3.622897, 21.516063, -8.739507, 1.499992
0, 9.393072, 20.619608, -10.884713, 1.719815
0, 8.804927, 15.517097, -20.864301, 2.213143
0, 12.187429, 15.154716, -15.680800, 1.682751
0, 7.202726, 17.351748, -15.277643, 1.835693
0, 4.557081, 18.870923, -7.974241, 1.634135
0, 3.397085, 20.466427, -5.758032, 1.453563
0, 5.643700, 19.532163, -6.848989, 2.388376
0, 7.421091, 19.740940, -9.562550, 2.152173
0, 9.437186, 11.660397, -22.729642, 1.949113
0, 11.368848, 17.469049, -9.911929, 0.968498
0, 4.868352, 9.165080, -9.133533, 1.049539
0, 9.413543, 20.135901, -17.152769, 1.776107
0, 9.313627, 19.475083, -16.152447, 2.529736
0, 4.001359, 17.972063, -16.153126, 2.096750
0, 4.247226, 18.991076, -14.510278, 2.527576
0, 7.452780, 14.364546, -22.197738, 2.214597
0, 6.005754, 20.328470, -12.801104, 2.015509
0, 10.504669, 16.211559, -17.332122, 2.290906
0, 7.897584, 18.823818, -7.183879, 1.579647
0, 8.226028, 20.210997, -6.847418, 1.771448
0, 6.819406, 17.517619, -5.888104, 1.976569
0, 10.948991, 18.598837, -13.763999, 2.524363
0, 3.058021, 21.502004, -12.002973, 1.125417
0, 8.951896, 21.061645, -9.859304, 1.586625
0, 7.397868, 21.278855, -7.386530, 1.939128
0, 5.395612, 20.091401, -15.211313, 2.315918
0, 9.563894, 16.986338, -19.146299, 2.934667
0, 4.890495, 19.171934, -15.674235, 2.019966
0, 2.886534, 18.515812, -16.681902, 2.002381
0, 3.098263, 18.504593, -3.636589, 1.240826
0, 12.066096, 11.156552, -22.704416, 1.790947
0, 6.357143, 15.230480, -22.143954, 2.273837
0, 8.367349, 17.665174, -7.168755, 1.912360
0, 3.629885, 21.055947, -6.683641, 1.025248
0, 5.977540, 18.609034, -10.697042, 2.182661
0, 13.325163, 14.689959, -22.418422, 1.718522
0, 2.964736, 20.030730, -13.934279, 2.075797
0, 4.552398, 16.273129, -7.681929, 1.734156
0, 8.303607, 16.763452, -16.482280, 1.976493
0, 9.064516, 16.226581, -10.352388, 1.609323
0, 7.904244, 13.253646, -21.830105, 2.327357
0, 12.176450, 17.141872, -13.697525, 1.463732
0, 10.938639, 19.554327, -12.103330, 2.140301
0, 11.832487, 16.554448, -21.155540, 2.798865
0, 7.160675, 19.451523, -13.074200, 2.198278
0, 7.414766, 19.756352, -22.724216, 2.724979
0, 7.814002, 18.362382, -22.234734, 3.092951
0, 6.659967, 20.717200, -14.614351, 2.729382
0, 7.757557, 18.913708, -10.504532, 2.105339
0, 8.771130, 21.378794, -12.046565, 2.278818
0, 5.222178, 21.048699, -18.324255, 2.530858
0, 6.778839, 17.555809, -21.114601, 3.076860
0, 4.344652, 21.285253, -15.653660, 2.011775
0, 4.890313, 19.662951, -18.443371, 2.444616
0, 10.602517, 16.602008, -19.579472, 2.063780
0, 5.850509, 19.629101, -5.361194, 1.900451
0, 9.075459, 19.441099, -7.042139, 1.588708
0, 1.856078, 16.938538, -13.093032, 1.025273
0, 6.490237, 20.836540, -6.111513, 1.900615
0, 3.029286, 16.442796, -4.212988, 1.206528
0, 9.766054, 15.539160, -21.727869, 2.298319
0, 8.495698, 13.209329, -16.210237, 2.174625
0, 4.028772, 20.854305, -17.050405, 2.531976
0, 5.473419, 21.385628, -16.666735, 3.391441
0, 4.021443, 15.915054, -17.535287, 2.264759
0, 4.386199, 18.922900, -22.063720, 2.658077
0, 11.330535, 12.357124, -22.830790, 1.689469
0, 9.814307, 20.472471, -13.397911, 1.763532
0, 7.600606, 20.598710, -6.020377, 1.392223
0, 6.593843, 20.373296, -17.253961, 3.148915
0, 2.435986, 17.989210, -14.217807, 1.241124
0, 3.626560, 19.895094, -4.539964, 1.714563
0, 7.119992, 18.931257, -16.932439, 2.287162
0, 12.001436, 13.866702, -20.820160, 2.382414
0, 4.993947, 19.902915, -19.939119, 2.516261
0, 4.733701, 20.679209, -5.705607, 2.061030
0, 12.206266, 15.337314, -13.819865, 1.141022
0, 7.615580, 20.882107, -8.754642, 2.016922
0, 9.197445, 16.605922, -11.525624, 1.913327
0, 11.193736, 17.886207, -11.760156, 1.762993
0, 11.392089, 15.689019, -19.482002, 2.714364
0, 5.172801, 21.480166, -14.764507, 2.766674
0, 5.713518, 16.224530, -22.715974, 2.663026
0, 10.541969, 21.072362, -11.374925, 1.290612
0, 10.727390, 13.263793, -21.815882, 2.435885
0, 5.324629, 22.850829, -11.838155, 1.807543
0, 4.608399, 18.108252, -17.960122, 2.432296
0, 4.182601, 22.673703, -12.547997, 1.405599
0, 11.038423, 10.448349, -17.370882, 1.067851
0, 2.582528, 20.521455, -9.049744, 1.371834
0, 5.150962, 18.904732, -13.320776, 2.007870
0, 7.345281, 21.809762, -12.672606, 2.915908
0, 6.902234, 20.858581, -9.977180, 1.805099
0, 5.312705, 21.498469, -13.131868, 2.067488
0, 6.256065, 15.403754, -4.856130, 0.711182
0, 11.544651, 17.998611, -15.553767, 2.370597
0, 9.907252, 19.224010, -13.399971, 2.341620
0, 5.053847, 22.578876, -13.891555, 2.269061
0, 10.097722, 19.308692, -7.795599, 1.181868
0, 12.569549, 16.139499, -18.727546, 2.176678
0, 6.342292, 18.709195, -5.378097, 1.728767
0, 10.394714, 19.908109, -8.815296, 1.279739
0, 8.560552, 16.791246, -23.637110, 1.803424
0, 12.436910, 15.522160, -21.646860, 3.318103
0, 9.879993, 12.815620, -22.809599, 2.247850
0, 7.406488, 17.736767, -9.906172, 1.829031
0, 3.271664, 20.817825, -15.690921, 1.785507
0, 6.506687, 15.619355, -18.821995, 1.945600
0, 7.398908, 21.220147, -16.549834, 3.180625
0, 5.739988, 20.270207, -11.639581, 1.768154
0, 5.728288, 21.426175, -5.641075, 1.026468
0, 3.806992, 20.926844, -20.057710, 2.652016
0, 3.753167, 20.258930, -12.503035, 2.167842
0, 10.723182, 16.233982, -22.330377, 2.515750
0, 12.651318, 16.902460, -17.603626, 1.551461
0, 7.254526, 20.813384, -18.317594, 2.973638
0, 9.172902, 16.334720, -22.491423, 2.361840
0, 9.001704, 17.658658, -17.463621, 3.024975
0, 8.842300, 18.956304, -19.506125, 3.147359
0, 5.896134, 21.037220, -21.493148, 3.475271
0, 7.785665, 18.750200, -4.790253, 0.926997
0, 10.808884, 17.643788, -20.393274, 2.839970
0, 6.281838, 21.216797, -8.052990, 1.936743
0, 9.923012, 22.010356, -12.281370, 1.332378
0, 12.571850, 13.962631, -17.448038, 1.494832
0, 6.409940, 21.869515, -9.083330, 2.026781
0, 10.177744, 20.127195, -15.141786, 2.251820
0, 4.326456, 19.122023, -3.921416, 1.737871
0, 10.314069, 18.125854, -16.194772, 3.253297
0, 12.970178, 14.302113, -20.244230, 1.458825
0, 3.717152, 8.876009, -14.315110, 1.930508
0, 3.107490, 20.110733, -16.896705, 1.681919
0, 7.691993, 23.429948, -13.558892, 1.985726
0, 6.464363, 19.782017, -10.617760, 1.968664
0, 12.304152, 17.527160, -14.787028, 1.400631
0, 9.919140, 20.048785, -10.140353, 2.064783
0, 11.481351, 18.654942, -10.819224, 0.894868
0, 2.977114, 18.874407, -21.207150, 1.260408
0, 6.506202, 22.978517, -11.414540, 1.681947
0, 6.713918, 19.514173, -4.793847, 1.424628
0, 12.463596, 15.447094, -23.072456, 2.204963
0, 5.480097, 19.261183, -4.313724, 1.457214
0, 8.013982, 22.445451, -11.215580, 2.216798
0, 8.912262, 22.621213, -13.583629, 2.489913
0, 7.483759, 18.804867, -18.062673, 2.493204
0, 4.398764, 21.345653, -9.957900, 1.946931
0, 4.704190, 17.847625, -3.128367, 1.001551
0, 10.867951, 15.679651, -20.812740, 2.481012
0, 10.575617, 17.539331, -14.498528, 2.547128
0, 4.935720, 20.433664, -4.617600, 1.760484
0, 5.808225, 20.887498, -10.211517, 1.892492
0, 11.425151, 17.245006, -17.302210, 2.396558
0, 7.020513, 19.989069, -15.415950, 2.577990
0, 3.196984, 19.462200, -7.828345, 1.709329
0, 8.786706, 19.092435, -8.321900, 2.241194
0, 4.209548, 19.960177, -21.264238, 2.712795
0, 6.878403, 19.291817, -11.597416, 2.145440
0, 12.212790, 16.068051, -16.775997, 2.137453
0, 6.399811, 21.041051, -12.036259, 2.229428
0, 10.038907, 17.058737, -23.029414, 2.535933
0, 10.776200, 18.352882, -9.089324, 1.276506
0, 5.904951, 18.486827, -3.821491, 1.312804
0, 5.739647, 22.433636, -8.318808, 1.293975
0, 11.540024, 17.322161, -19.374002, 2.673896
0, 11.225420, 17.055549, -23.496727, 1.923587
0, 3.063985, 21.349399, -13.121570, 1.092384
0, 3.875510, 19.461139, -23.188654, 1.497513
0, 10.219586, 20.192102, -16.319731, 1.668306
0, 4.268443, 21.747381, -17.898984, 2.591899
0, 1.662712, 11.865103, -15.623124, 1.515711
0, 3.712376, 21.648947, -14.415309, 1.995398
0, 7.887199, 22.529876, -9.310999, 1.421291
0, 9.562313, 18.620210, -23.370143, 2.750380
0, 9.050345, 21.607208, -8.744647, 1.212335
0, 4.021394, 20.965578, -22.228288, 2.450879
0, 5.252477, 22.729028, -10.542238, 1.696557
0, 12.344262, 17.249040, -16.429784, 1.668463
0, 6.526351, 22.441551, -10.148101, 2.037517
0, 4.328255, 19.861320, -8.743732, 1.483895
0, 9.038977, 17.788427, -20.410908, 3.495800
0, 8.395299, 19.297453, -23.337833, 2.496525
0, 5.957050, 20.376251, -19.264103, 2.656945
0, 12.764752, 18.478667, -18.210196, 1.177365
0, 5.972427, 22.908953, -16.075434, 2.317357
0, 10.961946, 9.633267, -22.687352, 1.422968
0, 7.627530, 22.557270, -17.992679, 2.567935
0, 8.308391, 22.005597, -14.610821, 2.386527
0, 6.990909, 20.690302, -13.478079, 2.288527
0, 12.006332, 19.047023, -14.157723, 1.380554
0, 9.006725, 20.594265, -7.687057, 2.076278
0, 10.201871, 21.247416, -10.283457, 0.851662
0, 10.675206, 22.049320, -14.263591, 1.449131
0, 10.165938, 18.652738, -18.733596, 3.100869
0, 6.669778, 22.186766, -15.411963, 2.602367
0, 9.686986, 20.007756, -18.312825, 2.224166
0, 13.042303, 18.356520, -22.652987, 2.290161
0, 6.693026, 21.825611, -11.050611, 2.087873
0, 7.268207, 23.108601, -10.571172, 0.907408
0, 4.074401, 22.261346, -19.562940, 1.583014
0, 4.216303, 17.621221, -22.779569, 1.925015
0, 9.110379, 19.606984, -14.164330, 1.948212
0, 10.832979, 17.347085, -21.631919, 2.603886
0, 6.647198, 23.361181, -14.705035, 2.147669
0, 2.763653, 18.354516, -7.831568, 1.433156
0, 11.471220, 20.378767, -14.772142, 1.837051
0, 8.922214, 20.234792, -9.084333, 2.099733
0, 4.819364, 23.230140, -16.474099, 2.095434
0, 1.718703, 18.416779, -7.795940, 1.019018
0, 11.141513, 19.115159, -15.305824, 2.677355
0, 11.071377, 19.037657, -17.886952, 2.097974
0, 5.469133, 22.245498, -18.306908, 2.330325
0, 7.323042, 21.042578, -21.398496, 3.133516
0, 2.598939, 10.059708, -7.787400, 0.929715
0, 3.799006, 17.578872, -4.147064, 1.486489
0, 7.782518, 20.940375, -11.163106, 2.455606
0, 9.595185, 21.716141, -18.519484, 2.869628
0, 8.688763, 21.219219, -17.912789, 2.923480
0, 10.067909, 19.726801, -20.442852, 2.815863
0, 7.538246, 23.277835, -12.013503, 1.449783
0, 4.253048, 19.111968, -19.349914, 2.045905
0, 12.291239, 19.317389, -16.352870, 1.181626
0, 8.398473, 19.998477, -18.640922, 2.194686
0, 5.503071, 17.144791, -4.770430, 1.453261
0, 4.199334, 16.784915, -3.485823, 0.864156
0, 4.806551, 20.906078, -12.012469, 1.966091
0, 8.651977, 18.790051, -21.296291, 2.852639
0, 7.956784, 20.819053, -19.480484, 2.457867
0, 11.234928, 21.067646, -21.015957, 3.602228
0, 12.720800, 17.040358, -23.192178, 2.199075
0, 6.790278, 22.271620, -19.311765, 2.908555
0, 10.000547, 15.725407, -23.535477, 1.298626
0, 5.959523, 22.453893, -12.640958, 2.120908
0, 7.844961, 19.772185, -20.343081, 2.644664
0, 1.420561, 10.256762, -8.018208, 0.679754
0, 7.909404, 21.343832, -9.757100, 2.030851
0, 7.663394, 22.034267, -20.127038, 2.969559
0, 9.410634, 17.996278, -10.202250, 1.996049
0, 10.287434, 16.504948, -7.966449, 0.802315
0, 6.410581, 21.705342, -13.360039, 1.877030
0, 12.309791, 18.597229, -19.604464, 2.655942
0, 10.996508, 18.901133, -20.153381, 3.301618
0, 10.370873, 15.755573, -18.661405, 2.218238
0, 6.710005, 23.664712, -12.816752, 1.188119
0, 11.167790, 21.106725, -17.106665, 2.312085
0, 6.115342, 21.841453, -6.529093, 1.052835
0, 11.355190, 19.976785, -16.424212, 2.368055
0, 11.165176, 20.138983, -23.975732, 1.408410
0, 8.879696, 21.325883, -15.471428, 2.050599
0, 8.602131, 20.722820, -13.354009, 2.640803
0, 9.426918, 19.758969, -22.211255, 2.284049
0, 9.316745, 20.759973, -14.594196, 1.929996
0, 10.263551, 20.441256, -19.341381, 3.112734
0, 5.888736, 23.490834, -17.833561, 2.257478
0, 9.924814, 20.579967, -21.483890, 2.208744
0, 12.396150, 19.108595, -21.453673, 3.300171
0, 8.217127, 23.376227, -19.536968, 3.153688
0, 5.938250, 20.843307, -7.089025, 1.790982
0, 8.756540, 19.236542, -17.654621, 2.282711
0, 9.483720, 22.663355, -19.864373, 3.763908
0, 9.467285, 21.210497, -16.603188, 2.235244
0, 11.222247, 22.361857, -21.232989, 1.252870
0, 11.174104, 22.311771, -20.034397, 1.970846
0, 3.466726, 18.502560, -20.124817, 2.079539
0, 4.090861, 20.619720, -18.433814, 2.757430
0, 9.345464, 22.002157, -10.204877, 1.219487
0, 9.268223, 22.521008, -15.098873, 2.555387
0, 8.762328, 21.743490, -21.503830, 3.265954
0, 8.849492, 20.062388, -21.198521, 2.214057
0, 10.545703, 22.254907, -15.852349, 1.769142
0, 8.280390, 21.982512, -19.096684, 2.395919
0, 10.908237, 13.544263, -19.627955, 2.498365
0, 11.651111, 20.867798, -22.606585, 2.330497
0, 9.211609, 23.506636, -21.520841, 2.111130
0, 11.835183, 19.688633, -18.743811, 2.570457
0, 4.218200, 21.642651, -7.412712, 0.943135
0, 9.829125, 20.710947, -12.279394, 2.018666
0, 7.016910, 19.644900, -24.146045, 1.291034
0, 10.704337, 20.844723, -14.087850, 1.859171
0, 7.751020, 23.458969, -21.386373, 3.099402
0, 9.064840, 20.598207, -23.140683, 2.405241
0, 10.175403, 18.606529, -21.796879, 3.690593
0, 11.913128, 12.992511, -15.804514, 0.907069
0, 10.496566, 21.379683, -22.350537, 2.881899
0, 5.104901, 21.299881, -19.700759, 2.263832
0, 8.545748, 22.526672, -22.652523, 3.486118
0, 10.727998, 20.039745, -22.539864, 3.064976
0, 6.247857, 22.497760, -20.804018, 2.952788
0, 10.193604, 21.747695, -17.439064, 2.432070
0, 5.797900, 23.498495, -13.621083, 1.637186
0, 13.168575, 17.181866, -19.950364, 1.424257
0, 5.989013, 23.485953, -19.038721, 1.886506
0, 10.389569, 21.145031, -15.724060, 2.278296
0, 9.268002, 22.264369, -11.268292, 1.324154
0, 8.457581, 20.050600, -10.911669, 1.820799
0, 12.060795, 20.090308, -19.981390, 2.807779
0, 9.410935, 21.064800, -20.524836, 2.945473
0, 11.464203, 20.981407, -18.351715, 2.493650
0, 7.362054, 21.226192, -23.197942, 3.174647
0, 4.563224, 23.026688, -18.283082, 1.567928
0, 10.764079, 22.444177, -18.790838, 2.346633
0, 6.800954, 23.833080, -15.992059, 2.060346
0, 6.975084, 23.351704, -19.756752, 2.761620
0, 7.518500, 23.471424, -23.226167, 1.930496
0, 9.941457, 21.141130, -24.071268, 1.672319
0, 5.079677, 22.734544, -15.138899, 2.464478
0, 6.122662, 19.399091, -22.309473, 2.872563
0, 7.725709, 22.122058, -15.828622, 2.385406
0, 11.792166, 18.365198, -23.508279, 1.819209
0, 3.904830, 22.600506, -13.827901, 1.135319
0, 4.665459, 21.075581, -21.079360, 2.355324
0, 12.565048, 20.131429, -22.067301, 1.844336
0, 5.697932, 23.271513, -23.865620, 1.352919
0, 7.812019, 22.373069, -24.408042, 1.318604
0, 4.781038, 20.332222, -16.154256, 1.880281
0, 10.103671, 22.705759, -21.457367, 2.709299
0, 10.510930, 19.946068, -17.432920, 2.052075
0, 9.465626, 21.638582, -13.635394, 2.007481
0, 7.035950, 22.475511, -22.123538, 3.367957
0, 12.917443, 17.297124, -18.672481, 1.241767
0, 9.230722, 18.846075, -10.948980, 1.901365
0, 5.806818, 22.094269, -23.339314, 4.007384
0, 4.963571, 22.470727, -21.809512, 2.957785
0, 6.483805, 20.523259, -4.700113, 1.041181
0, 8.975264, 22.631184, -16.464628, 2.619145
0, 11.388189, 11.539777, -17.788958, 1.757885
0, 6.826792, 21.529835, -24.242913, 1.804224
0, 7.897411, 18.543246, -5.971230, 1.663728
0, 3.226815, 19.634586, -22.190778, 1.197088
0, 10.357023, 22.640088, -23.032112, 2.625497
0, 5.049601, 22.096519, -20.559684, 2.056026
0, 4.826147, 20.866504, -23.258547, 3.383446
0, 2.781595, 17.536246, -3.731465, 0.734470
0, 4.041003, 22.462356, -16.086672, 2.012225
0, 11.703611, 18.673431, -12.687210, 1.366206
0, 6.835881, 22.350666, -7.853265, 0.982029
0, 6.228673, 23.713662, -21.817703, 1.828122
0, 9.620570, 23.455265, -17.489959, 1.805458
0, 6.884686, 23.160943, -24.286772, 1.344077
0, 5.202769, 23.400526, -20.324755, 1.252500
0, 11.816619, 18.016547, -22.118451, 2.995763
0, 6.489590, 22.245307, -17.245076, 2.925464
0, 10.668096, 22.747394, -16.874444, 1.203031
0, 7.026140, 17.429813, -16.520704, 1.933345
0, 10.076874, 20.887488, -9.155144, 0.877041
0, 7.798714, 23.721509, -15.271344, 1.932186
0, 5.664903, 23.853061, -15.035757, 1.146657
0, 7.077147, 22.227497, -14.204308, 2.522549
0, 12.308727, 19.453872, -23.368411, 2.391480
0, 7.164106, 23.821792, -17.643709, 2.488331
0, 8.795954, 21.641138, -24.114765, 1.755521
0, 7.786381, 22.968688, -16.925823, 2.443998
0, 10.668298, 18.742546, -23.875025, 1.420152
0, 5.179755, 19.189511, -3.370309, 0.607702
0, 8.945666, 23.022927, -24.011410, 1.751595
0, 8.567286, 23.239373, -18.230338, 2.722445
0, 8.127791, 20.489500, -23.998588, 1.549923
0, 8.680641, 24.035323, -16.261923, 1.358691
0, 11.209241, 14.553267, -21.524520, 2.159089
0, 13.454920, 16.128958, -22.908429, 1.094016
0, 5.276728, 22.543280, -19.412070, 1.882123
0, 8.080481, 21.676951, -8.165278, 1.391482
0, 2.724226, 16.387434, -5.555146, 1.610620
0, 8.698133, 19.277618, -5.794858, 0.751417
0, 8.430689, 23.383745, -14.383063, 1.711964
0, 9.870836, 23.341879, -15.975280, 1.021175
0, 11.656789, 18.125540, -18.318324, 2.204774
0, 9.933274, 19.926642, -23.660229, 1.792371
0, 11.191864, 21.607132, -23.831096, 1.659127
0, 9.187284, 20.108378, -19.720115, 2.023054
0, 8.163984, 20.716731, -22.217667, 2.339552
0, 11.984697, 21.201221, -19.386618, 1.478254
0, 9.769289, 23.628499, -18.768517, 1.425218
0, 12.414358, 19.535628, -17.512324, 1.362727
