-0.721791 0.744481 -2.736171
0.992534 0.746648 -2.507666
0.605930 -0.140448 -1.496492

-0.721791 0.744481 -2.736171
0.992534 0.746648 -2.507666
0.992534 0.746648 0.507666

0.992534 0.746648 0.507666
0.992534 0.746648 -2.507666
0.605930 -0.140448 -1.496492

-0.721791 0.744481 -2.736171
0.992534 0.746648 0.507666
0.605930 -0.140448 -1.496492


0.605930 -0.140448 -1.496492
-0.721791 0.744481 -2.736171
0.992534 0.746648 0.507666

0.605930 -0.140448 -1.496492
-0.721791 0.744481 -2.736171
-0.721791 0.744481 0.736171

-0.721791 0.744481 0.736171
-0.721791 0.744481 -2.736171
0.992534 0.746648 0.507666

0.605930 -0.140448 -1.496492
-0.721791 0.744481 0.736171
0.992534 0.746648 0.507666


-0.721791 0.744481 -2.736171
-0.721791 0.744481 0.736171
0.992534 0.746648 0.507666

-0.721791 0.744481 -2.736171
-0.721791 0.744481 0.736171
-8.079067 24.234574 -7.996284

-8.079067 24.234574 -7.996284
-0.721791 0.744481 0.736171
0.992534 0.746648 0.507666

-0.721791 0.744481 -2.736171
-8.079067 24.234574 -7.996284
0.992534 0.746648 0.507666


0.992534 0.746648 -2.507666
-8.079067 24.234574 -7.996284
0.992534 0.746648 0.507666

0.992534 0.746648 -2.507666
-8.079067 24.234574 -7.996284
-0.721791 0.744481 -2.736171

-0.721791 0.744481 -2.736171
-8.079067 24.234574 -7.996284
0.992534 0.746648 0.507666

0.992534 0.746648 -2.507666
-0.721791 0.744481 -2.736171
0.992534 0.746648 0.507666




