-0.851651 0.306280 -1.643621
0.137587 -0.948076 -1.150122
0.137587 -0.948076 -0.849878

-0.851651 0.306280 -1.643621
0.137587 -0.948076 -1.150122
0.879352 0.692073 -0.598240

0.879352 0.692073 -0.598240
0.137587 -0.948076 -1.150122
0.137587 -0.948076 -0.849878

-0.851651 0.306280 -1.643621
0.879352 0.692073 -0.598240
0.137587 -0.948076 -0.849878

0.879352 0.692073 -0.598240
-0.851651 0.306280 -1.643621
-0.851651 0.306280 -0.356379

0.879352 0.692073 -0.598240
-0.851651 0.306280 -1.643621
0.137587 -0.948076 -0.849878

0.137587 -0.948076 -0.849878
-0.851651 0.306280 -1.643621
-0.851651 0.306280 -0.356379

0.879352 0.692073 -0.598240
0.137587 -0.948076 -0.849878
-0.851651 0.306280 -0.356379

0.137587 -0.948076 -0.849878
-7.886335 -7.920723 -7.984429
-0.851651 0.306280 -0.356379

0.137587 -0.948076 -0.849878
-7.886335 -7.920723 -7.984429
-0.851651 0.306280 -1.643621

-0.851651 0.306280 -1.643621
-7.886335 -7.920723 -7.984429
-0.851651 0.306280 -0.356379

0.137587 -0.948076 -0.849878
-0.851651 0.306280 -1.643621
-0.851651 0.306280 -0.356379

-0.851651 0.306280 -1.643621
-7.886335 -7.920723 -7.984429
0.137587 -0.948076 -0.849878

-0.851651 0.306280 -1.643621
-7.886335 -7.920723 -7.984429
0.137587 -0.948076 -1.150122

0.137587 -0.948076 -1.150122
-7.886335 -7.920723 -7.984429
0.137587 -0.948076 -0.849878

-0.851651 0.306280 -1.643621
0.137587 -0.948076 -1.150122
0.137587 -0.948076 -0.849878



-0.851651 0.306280 -1.643621
-7.886335 -7.920723 -7.984429
-0.851651 0.306280 -0.356379

-0.851651 0.306280 -1.643621
-7.886335 -7.920723 -7.984429
0.137587 -0.948076 -1.150122

0.137587 -0.948076 -1.150122
-7.886335 -7.920723 -7.984429
-0.851651 0.306280 -0.356379

-0.851651 0.306280 -1.643621
0.137587 -0.948076 -1.150122
-0.851651 0.306280 -0.356379

-0.851651 0.306280 -1.643621
-7.889245 23.859591 -7.966384
-0.851651 0.306280 -0.356379

-0.851651 0.306280 -1.643621
-7.889245 23.859591 -7.966384
-7.886335 -7.920723 -7.984429

-7.886335 -7.920723 -7.984429
-7.889245 23.859591 -7.966384
-0.851651 0.306280 -0.356379

-0.851651 0.306280 -1.643621
-7.886335 -7.920723 -7.984429
-0.851651 0.306280 -0.356379

-0.851651 0.306280 -1.643621
-7.889245 23.859591 -7.966384
-0.167200 0.642990 0.855785

-0.851651 0.306280 -1.643621
-7.889245 23.859591 -7.966384
-0.851651 0.306280 -0.356379

-0.851651 0.306280 -0.356379
-7.889245 23.859591 -7.966384
-0.167200 0.642990 0.855785

-0.851651 0.306280 -1.643621
-0.851651 0.306280 -0.356379
-0.167200 0.642990 0.855785

-0.851651 0.306280 -1.643621
-0.851651 0.306280 -0.356379
-0.167200 0.642990 0.855785

-0.851651 0.306280 -1.643621
-0.851651 0.306280 -0.356379
0.879352 0.692073 -0.598240

0.879352 0.692073 -0.598240
-0.851651 0.306280 -0.356379
-0.167200 0.642990 0.855785

-0.851651 0.306280 -1.643621
0.879352 0.692073 -0.598240
-0.167200 0.642990 0.855785



