1.346517 -0.916847 0.554430
1.995155 0.513674 0.213440
0.004845 0.513674 1.786560

1.346517 -0.916847 0.554430
1.995155 0.513674 0.213440
0.653483 -0.916847 0.554430

0.653483 -0.916847 0.554430
1.995155 0.513674 0.213440
0.004845 0.513674 1.786560

1.346517 -0.916847 0.554430
0.653483 -0.916847 0.554430
0.004845 0.513674 1.786560


0.004845 0.513674 0.213440
0.653483 -0.916847 0.554430
0.004845 0.513674 1.786560

0.004845 0.513674 0.213440
0.653483 -0.916847 0.554430
1.995155 0.513674 0.213440

1.995155 0.513674 0.213440
0.653483 -0.916847 0.554430
0.004845 0.513674 1.786560

0.004845 0.513674 0.213440
1.995155 0.513674 0.213440
0.004845 0.513674 1.786560


1.995155 0.513674 0.213440
0.886188 -0.483240 -0.976733
0.653483 -0.916847 0.554430

1.995155 0.513674 0.213440
0.886188 -0.483240 -0.976733
0.004845 0.513674 0.213440

0.004845 0.513674 0.213440
0.886188 -0.483240 -0.976733
0.653483 -0.916847 0.554430

1.995155 0.513674 0.213440
0.004845 0.513674 0.213440
0.653483 -0.916847 0.554430


1.995155 0.513674 0.213440
1.346517 -0.916847 0.554430
0.886188 -0.483240 -0.976733

1.995155 0.513674 0.213440
1.346517 -0.916847 0.554430
0.653483 -0.916847 0.554430

0.653483 -0.916847 0.554430
1.346517 -0.916847 0.554430
0.886188 -0.483240 -0.976733

1.995155 0.513674 0.213440
0.653483 -0.916847 0.554430
0.886188 -0.483240 -0.976733




